Date,gasprice,Day
1/1/2005,1.697,Saturday
1/2/2005,1.697,Sunday
1/3/2005,1.681,Monday
1/4/2005,1.681,Tuesday
1/5/2005,1.681,Wednesday
1/6/2005,1.681,Thursday
1/7/2005,1.681,Friday
1/8/2005,1.681,Saturday
1/9/2005,1.681,Sunday
1/10/2005,1.722,Monday
1/11/2005,1.722,Tuesday
1/12/2005,1.722,Wednesday
1/13/2005,1.722,Thursday
1/14/2005,1.722,Friday
1/15/2005,1.722,Saturday
1/16/2005,1.722,Sunday
1/17/2005,1.786,Monday
1/18/2005,1.786,Tuesday
1/19/2005,1.786,Wednesday
1/20/2005,1.786,Thursday
1/21/2005,1.786,Friday
1/22/2005,1.786,Saturday
1/23/2005,1.786,Sunday
1/24/2005,1.811,Monday
1/25/2005,1.811,Tuesday
1/26/2005,1.811,Wednesday
1/27/2005,1.811,Thursday
1/28/2005,1.811,Friday
1/29/2005,1.811,Saturday
1/30/2005,1.811,Sunday
1/31/2005,1.864,Monday
2/1/2005,1.864,Tuesday
2/2/2005,1.864,Wednesday
2/3/2005,1.864,Thursday
2/4/2005,1.864,Friday
2/5/2005,1.864,Saturday
2/6/2005,1.864,Sunday
2/7/2005,1.864,Monday
2/8/2005,1.864,Tuesday
2/9/2005,1.864,Wednesday
2/10/2005,1.864,Thursday
2/11/2005,1.864,Friday
2/12/2005,1.864,Saturday
2/13/2005,1.864,Sunday
2/14/2005,1.836,Monday
2/15/2005,1.836,Tuesday
2/16/2005,1.836,Wednesday
2/17/2005,1.836,Thursday
2/18/2005,1.836,Friday
2/19/2005,1.836,Saturday
2/20/2005,1.836,Sunday
2/21/2005,1.817,Monday
2/22/2005,1.817,Tuesday
2/23/2005,1.817,Wednesday
2/24/2005,1.817,Thursday
2/25/2005,1.817,Friday
2/26/2005,1.817,Saturday
2/27/2005,1.817,Sunday
2/28/2005,1.815,Monday
3/1/2005,1.815,Tuesday
3/2/2005,1.815,Wednesday
3/3/2005,1.815,Thursday
3/4/2005,1.815,Friday
3/5/2005,1.815,Saturday
3/6/2005,1.815,Sunday
3/7/2005,1.899,Monday
3/8/2005,1.899,Tuesday
3/9/2005,1.899,Wednesday
3/10/2005,1.899,Thursday
3/11/2005,1.899,Friday
3/12/2005,1.899,Saturday
3/13/2005,1.899,Sunday
3/14/2005,1.978,Monday
3/15/2005,1.978,Tuesday
3/16/2005,1.978,Wednesday
3/17/2005,1.978,Thursday
3/18/2005,1.978,Friday
3/19/2005,1.978,Saturday
3/20/2005,1.978,Sunday
3/21/2005,2.041,Monday
3/22/2005,2.041,Tuesday
3/23/2005,2.041,Wednesday
3/24/2005,2.041,Thursday
3/25/2005,2.041,Friday
3/26/2005,2.041,Saturday
3/27/2005,2.041,Sunday
3/28/2005,2.098,Monday
3/29/2005,2.098,Tuesday
3/30/2005,2.098,Wednesday
3/31/2005,2.098,Thursday
4/1/2005,2.098,Friday
4/2/2005,2.098,Saturday
4/3/2005,2.098,Sunday
4/4/2005,2.169,Monday
4/5/2005,2.169,Tuesday
4/6/2005,2.169,Wednesday
4/7/2005,2.169,Thursday
4/8/2005,2.169,Friday
4/9/2005,2.169,Saturday
4/10/2005,2.169,Sunday
4/11/2005,2.21,Monday
4/12/2005,2.21,Tuesday
4/13/2005,2.21,Wednesday
4/14/2005,2.21,Thursday
4/15/2005,2.21,Friday
4/16/2005,2.21,Saturday
4/17/2005,2.21,Sunday
4/18/2005,2.161,Monday
4/19/2005,2.161,Tuesday
4/20/2005,2.161,Wednesday
4/21/2005,2.161,Thursday
4/22/2005,2.161,Friday
4/23/2005,2.161,Saturday
4/24/2005,2.161,Sunday
4/25/2005,2.146,Monday
4/26/2005,2.146,Tuesday
4/27/2005,2.146,Wednesday
4/28/2005,2.146,Thursday
4/29/2005,2.146,Friday
4/30/2005,2.146,Saturday
5/1/2005,2.146,Sunday
5/2/2005,2.142,Monday
5/3/2005,2.142,Tuesday
5/4/2005,2.142,Wednesday
5/5/2005,2.142,Thursday
5/6/2005,2.142,Friday
5/7/2005,2.142,Saturday
5/8/2005,2.142,Sunday
5/9/2005,2.112,Monday
5/10/2005,2.112,Tuesday
5/11/2005,2.112,Wednesday
5/12/2005,2.112,Thursday
5/13/2005,2.112,Friday
5/14/2005,2.112,Saturday
5/15/2005,2.112,Sunday
5/16/2005,2.075,Monday
5/17/2005,2.075,Tuesday
5/18/2005,2.075,Wednesday
5/19/2005,2.075,Thursday
5/20/2005,2.075,Friday
5/21/2005,2.075,Saturday
5/22/2005,2.075,Sunday
5/23/2005,2.04,Monday
5/24/2005,2.04,Tuesday
5/25/2005,2.04,Wednesday
5/26/2005,2.04,Thursday
5/27/2005,2.04,Friday
5/28/2005,2.04,Saturday
5/29/2005,2.04,Sunday
5/30/2005,2.014,Monday
5/31/2005,2.014,Tuesday
6/1/2005,2.014,Wednesday
6/2/2005,2.014,Thursday
6/3/2005,2.014,Friday
6/4/2005,2.014,Saturday
6/5/2005,2.014,Sunday
6/6/2005,2.057,Monday
6/7/2005,2.057,Tuesday
6/8/2005,2.057,Wednesday
6/9/2005,2.057,Thursday
6/10/2005,2.057,Friday
6/11/2005,2.057,Saturday
6/12/2005,2.057,Sunday
6/13/2005,2.097,Monday
6/14/2005,2.097,Tuesday
6/15/2005,2.097,Wednesday
6/16/2005,2.097,Thursday
6/17/2005,2.097,Friday
6/18/2005,2.097,Saturday
6/19/2005,2.097,Sunday
6/20/2005,2.122,Monday
6/21/2005,2.122,Tuesday
6/22/2005,2.122,Wednesday
6/23/2005,2.122,Thursday
6/24/2005,2.122,Friday
6/25/2005,2.122,Saturday
6/26/2005,2.122,Sunday
6/27/2005,2.155,Monday
6/28/2005,2.155,Tuesday
6/29/2005,2.155,Wednesday
6/30/2005,2.155,Thursday
7/1/2005,2.155,Friday
7/2/2005,2.155,Saturday
7/3/2005,2.155,Sunday
7/4/2005,2.167,Monday
7/5/2005,2.167,Tuesday
7/6/2005,2.167,Wednesday
7/7/2005,2.167,Thursday
7/8/2005,2.167,Friday
7/9/2005,2.167,Saturday
7/10/2005,2.167,Sunday
7/11/2005,2.271,Monday
7/12/2005,2.271,Tuesday
7/13/2005,2.271,Wednesday
7/14/2005,2.271,Thursday
7/15/2005,2.271,Friday
7/16/2005,2.271,Saturday
7/17/2005,2.271,Sunday
7/18/2005,2.288,Monday
7/19/2005,2.288,Tuesday
7/20/2005,2.288,Wednesday
7/21/2005,2.288,Thursday
7/22/2005,2.288,Friday
7/23/2005,2.288,Saturday
7/24/2005,2.288,Sunday
7/25/2005,2.27,Monday
7/26/2005,2.27,Tuesday
7/27/2005,2.27,Wednesday
7/28/2005,2.27,Thursday
7/29/2005,2.27,Friday
7/30/2005,2.27,Saturday
7/31/2005,2.27,Sunday
8/1/2005,2.255,Monday
8/2/2005,2.255,Tuesday
8/3/2005,2.255,Wednesday
8/4/2005,2.255,Thursday
8/5/2005,2.255,Friday
8/6/2005,2.255,Saturday
8/7/2005,2.255,Sunday
8/8/2005,2.32,Monday
8/9/2005,2.32,Tuesday
8/10/2005,2.32,Wednesday
8/11/2005,2.32,Thursday
8/12/2005,2.32,Friday
8/13/2005,2.32,Saturday
8/14/2005,2.32,Sunday
8/15/2005,2.551,Monday
8/16/2005,2.551,Tuesday
8/17/2005,2.551,Wednesday
8/18/2005,2.551,Thursday
8/19/2005,2.551,Friday
8/20/2005,2.551,Saturday
8/21/2005,2.551,Sunday
8/22/2005,2.626,Monday
8/23/2005,2.626,Tuesday
8/24/2005,2.626,Wednesday
8/25/2005,2.626,Thursday
8/26/2005,2.626,Friday
8/27/2005,2.626,Saturday
8/28/2005,2.626,Sunday
8/29/2005,2.588,Monday
8/30/2005,2.588,Tuesday
8/31/2005,2.588,Wednesday
9/1/2005,2.588,Thursday
9/2/2005,2.588,Friday
9/3/2005,2.588,Saturday
9/4/2005,2.588,Sunday
9/5/2005,3.213,Monday
9/6/2005,3.213,Tuesday
9/7/2005,3.213,Wednesday
9/8/2005,3.213,Thursday
9/9/2005,3.213,Friday
9/10/2005,3.213,Saturday
9/11/2005,3.213,Sunday
9/12/2005,3.039,Monday
9/13/2005,3.039,Tuesday
9/14/2005,3.039,Wednesday
9/15/2005,3.039,Thursday
9/16/2005,3.039,Friday
9/17/2005,3.039,Saturday
9/18/2005,3.039,Sunday
9/19/2005,2.811,Monday
9/20/2005,2.811,Tuesday
9/21/2005,2.811,Wednesday
9/22/2005,2.811,Thursday
9/23/2005,2.811,Friday
9/24/2005,2.811,Saturday
9/25/2005,2.811,Sunday
9/26/2005,2.867,Monday
9/27/2005,2.867,Tuesday
9/28/2005,2.867,Wednesday
9/29/2005,2.867,Thursday
9/30/2005,2.867,Friday
10/1/2005,2.867,Saturday
10/2/2005,2.867,Sunday
10/3/2005,3.054,Monday
10/4/2005,3.054,Tuesday
10/5/2005,3.054,Wednesday
10/6/2005,3.054,Thursday
10/7/2005,3.054,Friday
10/8/2005,3.054,Saturday
10/9/2005,3.054,Sunday
10/10/2005,2.947,Monday
10/11/2005,2.947,Tuesday
10/12/2005,2.947,Wednesday
10/13/2005,2.947,Thursday
10/14/2005,2.947,Friday
10/15/2005,2.947,Saturday
10/16/2005,2.947,Sunday
10/17/2005,2.723,Monday
10/18/2005,2.723,Tuesday
10/19/2005,2.723,Wednesday
10/20/2005,2.723,Thursday
10/21/2005,2.723,Friday
10/22/2005,2.723,Saturday
10/23/2005,2.723,Sunday
10/24/2005,2.516,Monday
10/25/2005,2.516,Tuesday
10/26/2005,2.516,Wednesday
10/27/2005,2.516,Thursday
10/28/2005,2.516,Friday
10/29/2005,2.516,Saturday
10/30/2005,2.516,Sunday
10/31/2005,2.353,Monday
11/1/2005,2.353,Tuesday
11/2/2005,2.353,Wednesday
11/3/2005,2.353,Thursday
11/4/2005,2.353,Friday
11/5/2005,2.353,Saturday
11/6/2005,2.353,Sunday
11/7/2005,2.258,Monday
11/8/2005,2.258,Tuesday
11/9/2005,2.258,Wednesday
11/10/2005,2.258,Thursday
11/11/2005,2.258,Friday
11/12/2005,2.258,Saturday
11/13/2005,2.258,Sunday
11/14/2005,2.18,Monday
11/15/2005,2.18,Tuesday
11/16/2005,2.18,Wednesday
11/17/2005,2.18,Thursday
11/18/2005,2.18,Friday
11/19/2005,2.18,Saturday
11/20/2005,2.18,Sunday
11/21/2005,2.103,Monday
11/22/2005,2.103,Tuesday
11/23/2005,2.103,Wednesday
11/24/2005,2.103,Thursday
11/25/2005,2.103,Friday
11/26/2005,2.103,Saturday
11/27/2005,2.103,Sunday
11/28/2005,2.066,Monday
11/29/2005,2.066,Tuesday
11/30/2005,2.066,Wednesday
12/1/2005,2.066,Thursday
12/2/2005,2.066,Friday
12/3/2005,2.066,Saturday
12/4/2005,2.066,Sunday
12/5/2005,2.039,Monday
12/6/2005,2.039,Tuesday
12/7/2005,2.039,Wednesday
12/8/2005,2.039,Thursday
12/9/2005,2.039,Friday
12/10/2005,2.039,Saturday
12/11/2005,2.039,Sunday
12/12/2005,2.135,Monday
12/13/2005,2.135,Tuesday
12/14/2005,2.135,Wednesday
12/15/2005,2.135,Thursday
12/16/2005,2.135,Friday
12/17/2005,2.135,Saturday
12/18/2005,2.135,Sunday
12/19/2005,2.187,Monday
12/20/2005,2.187,Tuesday
12/21/2005,2.187,Wednesday
12/22/2005,2.187,Thursday
12/23/2005,2.187,Friday
12/24/2005,2.187,Saturday
12/25/2005,2.187,Sunday
12/26/2005,2.184,Monday
12/27/2005,2.184,Tuesday
12/28/2005,2.184,Wednesday
12/29/2005,2.184,Thursday
12/30/2005,2.184,Friday
12/31/2005,2.184,Saturday
1/1/2006,2.184,Sunday
1/2/2006,2.23,Monday
1/3/2006,2.23,Tuesday
1/4/2006,2.23,Wednesday
1/5/2006,2.23,Thursday
1/6/2006,2.23,Friday
1/7/2006,2.23,Saturday
1/8/2006,2.23,Sunday
1/9/2006,2.302,Monday
1/10/2006,2.302,Tuesday
1/11/2006,2.302,Wednesday
1/12/2006,2.302,Thursday
1/13/2006,2.302,Friday
1/14/2006,2.302,Saturday
1/15/2006,2.302,Sunday
1/16/2006,2.316,Monday
1/17/2006,2.316,Tuesday
1/18/2006,2.316,Wednesday
1/19/2006,2.316,Thursday
1/20/2006,2.316,Friday
1/21/2006,2.316,Saturday
1/22/2006,2.316,Sunday
1/23/2006,2.327,Monday
1/24/2006,2.327,Tuesday
1/25/2006,2.327,Wednesday
1/26/2006,2.327,Thursday
1/27/2006,2.327,Friday
1/28/2006,2.327,Saturday
1/29/2006,2.327,Sunday
1/30/2006,2.326,Monday
1/31/2006,2.326,Tuesday
2/1/2006,2.326,Wednesday
2/2/2006,2.326,Thursday
2/3/2006,2.326,Friday
2/4/2006,2.326,Saturday
2/5/2006,2.326,Sunday
2/6/2006,2.314,Monday
2/7/2006,2.314,Tuesday
2/8/2006,2.314,Wednesday
2/9/2006,2.314,Thursday
2/10/2006,2.314,Friday
2/11/2006,2.314,Saturday
2/12/2006,2.314,Sunday
2/13/2006,2.263,Monday
2/14/2006,2.263,Tuesday
2/15/2006,2.263,Wednesday
2/16/2006,2.263,Thursday
2/17/2006,2.263,Friday
2/18/2006,2.263,Saturday
2/19/2006,2.263,Sunday
2/20/2006,2.2,Monday
2/21/2006,2.2,Tuesday
2/22/2006,2.2,Wednesday
2/23/2006,2.2,Thursday
2/24/2006,2.2,Friday
2/25/2006,2.2,Saturday
2/26/2006,2.2,Sunday
2/27/2006,2.174,Monday
2/28/2006,2.174,Tuesday
3/1/2006,2.174,Wednesday
3/2/2006,2.174,Thursday
3/3/2006,2.174,Friday
3/4/2006,2.174,Saturday
3/5/2006,2.174,Sunday
3/6/2006,2.237,Monday
3/7/2006,2.237,Tuesday
3/8/2006,2.237,Wednesday
3/9/2006,2.237,Thursday
3/10/2006,2.237,Friday
3/11/2006,2.237,Saturday
3/12/2006,2.237,Sunday
3/13/2006,2.313,Monday
3/14/2006,2.313,Tuesday
3/15/2006,2.313,Wednesday
3/16/2006,2.313,Thursday
3/17/2006,2.313,Friday
3/18/2006,2.313,Saturday
3/19/2006,2.313,Sunday
3/20/2006,2.5,Monday
3/21/2006,2.5,Tuesday
3/22/2006,2.5,Wednesday
3/23/2006,2.5,Thursday
3/24/2006,2.5,Friday
3/25/2006,2.5,Saturday
3/26/2006,2.5,Sunday
3/27/2006,2.497,Monday
3/28/2006,2.497,Tuesday
3/29/2006,2.497,Wednesday
3/30/2006,2.497,Thursday
3/31/2006,2.497,Friday
4/1/2006,2.497,Saturday
4/2/2006,2.497,Sunday
4/3/2006,2.572,Monday
4/4/2006,2.572,Tuesday
4/5/2006,2.572,Wednesday
4/6/2006,2.572,Thursday
4/7/2006,2.572,Friday
4/8/2006,2.572,Saturday
4/9/2006,2.572,Sunday
4/10/2006,2.721,Monday
4/11/2006,2.721,Tuesday
4/12/2006,2.721,Wednesday
4/13/2006,2.721,Thursday
4/14/2006,2.721,Friday
4/15/2006,2.721,Saturday
4/16/2006,2.721,Sunday
4/17/2006,2.85,Monday
4/18/2006,2.85,Tuesday
4/19/2006,2.85,Wednesday
4/20/2006,2.85,Thursday
4/21/2006,2.85,Friday
4/22/2006,2.85,Saturday
4/23/2006,2.85,Sunday
4/24/2006,2.992,Monday
4/25/2006,2.992,Tuesday
4/26/2006,2.992,Wednesday
4/27/2006,2.992,Thursday
4/28/2006,2.992,Friday
4/29/2006,2.992,Saturday
4/30/2006,2.992,Sunday
5/1/2006,2.992,Monday
5/2/2006,2.992,Tuesday
5/3/2006,2.992,Wednesday
5/4/2006,2.992,Thursday
5/5/2006,2.992,Friday
5/6/2006,2.992,Saturday
5/7/2006,2.992,Sunday
5/8/2006,2.954,Monday
5/9/2006,2.954,Tuesday
5/10/2006,2.954,Wednesday
5/11/2006,2.954,Thursday
5/12/2006,2.954,Friday
5/13/2006,2.954,Saturday
5/14/2006,2.954,Sunday
5/15/2006,2.996,Monday
5/16/2006,2.996,Tuesday
5/17/2006,2.996,Wednesday
5/18/2006,2.996,Thursday
5/19/2006,2.996,Friday
5/20/2006,2.996,Saturday
5/21/2006,2.996,Sunday
5/22/2006,2.94,Monday
5/23/2006,2.94,Tuesday
5/24/2006,2.94,Wednesday
5/25/2006,2.94,Thursday
5/26/2006,2.94,Friday
5/27/2006,2.94,Saturday
5/28/2006,2.94,Sunday
5/29/2006,2.884,Monday
5/30/2006,2.884,Tuesday
5/31/2006,2.884,Wednesday
6/1/2006,2.884,Thursday
6/2/2006,2.884,Friday
6/3/2006,2.884,Saturday
6/4/2006,2.884,Sunday
6/5/2006,2.926,Monday
6/6/2006,2.926,Tuesday
6/7/2006,2.926,Wednesday
6/8/2006,2.926,Thursday
6/9/2006,2.926,Friday
6/10/2006,2.926,Saturday
6/11/2006,2.926,Sunday
6/12/2006,2.967,Monday
6/13/2006,2.967,Tuesday
6/14/2006,2.967,Wednesday
6/15/2006,2.967,Thursday
6/16/2006,2.967,Friday
6/17/2006,2.967,Saturday
6/18/2006,2.967,Sunday
6/19/2006,2.916,Monday
6/20/2006,2.916,Tuesday
6/21/2006,2.916,Wednesday
6/22/2006,2.916,Thursday
6/23/2006,2.916,Friday
6/24/2006,2.916,Saturday
6/25/2006,2.916,Sunday
6/26/2006,2.9,Monday
6/27/2006,2.9,Tuesday
6/28/2006,2.9,Wednesday
6/29/2006,2.9,Thursday
6/30/2006,2.9,Friday
7/1/2006,2.9,Saturday
7/2/2006,2.9,Sunday
7/3/2006,2.963,Monday
7/4/2006,2.963,Tuesday
7/5/2006,2.963,Wednesday
7/6/2006,2.963,Thursday
7/7/2006,2.963,Friday
7/8/2006,2.963,Saturday
7/9/2006,2.963,Sunday
7/10/2006,3.001,Monday
7/11/2006,3.001,Tuesday
7/12/2006,3.001,Wednesday
7/13/2006,3.001,Thursday
7/14/2006,3.001,Friday
7/15/2006,3.001,Saturday
7/16/2006,3.001,Sunday
7/17/2006,3.002,Monday
7/18/2006,3.002,Tuesday
7/19/2006,3.002,Wednesday
7/20/2006,3.002,Thursday
7/21/2006,3.002,Friday
7/22/2006,3.002,Saturday
7/23/2006,3.002,Sunday
7/24/2006,3.019,Monday
7/25/2006,3.019,Tuesday
7/26/2006,3.019,Wednesday
7/27/2006,3.019,Thursday
7/28/2006,3.019,Friday
7/29/2006,3.019,Saturday
7/30/2006,3.019,Sunday
7/31/2006,3.002,Monday
8/1/2006,3.002,Tuesday
8/2/2006,3.002,Wednesday
8/3/2006,3.002,Thursday
8/4/2006,3.002,Friday
8/5/2006,3.002,Saturday
8/6/2006,3.002,Sunday
8/7/2006,3.016,Monday
8/8/2006,3.016,Tuesday
8/9/2006,3.016,Wednesday
8/10/2006,3.016,Thursday
8/11/2006,3.016,Friday
8/12/2006,3.016,Saturday
8/13/2006,3.016,Sunday
8/14/2006,2.956,Monday
8/15/2006,2.956,Tuesday
8/16/2006,2.956,Wednesday
8/17/2006,2.956,Thursday
8/18/2006,2.956,Friday
8/19/2006,2.956,Saturday
8/20/2006,2.956,Sunday
8/21/2006,2.85,Monday
8/22/2006,2.85,Tuesday
8/23/2006,2.85,Wednesday
8/24/2006,2.85,Thursday
8/25/2006,2.85,Friday
8/26/2006,2.85,Saturday
8/27/2006,2.85,Sunday
8/28/2006,2.742,Monday
8/29/2006,2.742,Tuesday
8/30/2006,2.742,Wednesday
8/31/2006,2.742,Thursday
9/1/2006,2.742,Friday
9/2/2006,2.742,Saturday
9/3/2006,2.742,Sunday
9/4/2006,2.618,Monday
9/5/2006,2.618,Tuesday
9/6/2006,2.618,Wednesday
9/7/2006,2.618,Thursday
9/8/2006,2.618,Friday
9/9/2006,2.618,Saturday
9/10/2006,2.618,Sunday
9/11/2006,2.491,Monday
9/12/2006,2.491,Tuesday
9/13/2006,2.491,Wednesday
9/14/2006,2.491,Thursday
9/15/2006,2.491,Friday
9/16/2006,2.491,Saturday
9/17/2006,2.491,Sunday
9/18/2006,2.343,Monday
9/19/2006,2.343,Tuesday
9/20/2006,2.343,Wednesday
9/21/2006,2.343,Thursday
9/22/2006,2.343,Friday
9/23/2006,2.343,Saturday
9/24/2006,2.343,Sunday
9/25/2006,2.21,Monday
9/26/2006,2.21,Tuesday
9/27/2006,2.21,Wednesday
9/28/2006,2.21,Thursday
9/29/2006,2.21,Friday
9/30/2006,2.21,Saturday
10/1/2006,2.21,Sunday
10/2/2006,2.152,Monday
10/3/2006,2.152,Tuesday
10/4/2006,2.152,Wednesday
10/5/2006,2.152,Thursday
10/6/2006,2.152,Friday
10/7/2006,2.152,Saturday
10/8/2006,2.152,Sunday
10/9/2006,2.114,Monday
10/10/2006,2.114,Tuesday
10/11/2006,2.114,Wednesday
10/12/2006,2.114,Thursday
10/13/2006,2.114,Friday
10/14/2006,2.114,Saturday
10/15/2006,2.114,Sunday
10/16/2006,2.079,Monday
10/17/2006,2.079,Tuesday
10/18/2006,2.079,Wednesday
10/19/2006,2.079,Thursday
10/20/2006,2.079,Friday
10/21/2006,2.079,Saturday
10/22/2006,2.079,Sunday
10/23/2006,2.072,Monday
10/24/2006,2.072,Tuesday
10/25/2006,2.072,Wednesday
10/26/2006,2.072,Thursday
10/27/2006,2.072,Friday
10/28/2006,2.072,Saturday
10/29/2006,2.072,Sunday
10/30/2006,2.088,Monday
10/31/2006,2.088,Tuesday
11/1/2006,2.088,Wednesday
11/2/2006,2.088,Thursday
11/3/2006,2.088,Friday
11/4/2006,2.088,Saturday
11/5/2006,2.088,Sunday
11/6/2006,2.078,Monday
11/7/2006,2.078,Tuesday
11/8/2006,2.078,Wednesday
11/9/2006,2.078,Thursday
11/10/2006,2.078,Friday
11/11/2006,2.078,Saturday
11/12/2006,2.078,Sunday
11/13/2006,2.113,Monday
11/14/2006,2.113,Tuesday
11/15/2006,2.113,Wednesday
11/16/2006,2.113,Thursday
11/17/2006,2.113,Friday
11/18/2006,2.113,Saturday
11/19/2006,2.113,Sunday
11/20/2006,2.123,Monday
11/21/2006,2.123,Tuesday
11/22/2006,2.123,Wednesday
11/23/2006,2.123,Thursday
11/24/2006,2.123,Friday
11/25/2006,2.123,Saturday
11/26/2006,2.123,Sunday
11/27/2006,2.13,Monday
11/28/2006,2.13,Tuesday
11/29/2006,2.13,Wednesday
11/30/2006,2.13,Thursday
12/1/2006,2.13,Friday
12/2/2006,2.13,Saturday
12/3/2006,2.13,Sunday
12/4/2006,2.202,Monday
12/5/2006,2.202,Tuesday
12/6/2006,2.202,Wednesday
12/7/2006,2.202,Thursday
12/8/2006,2.202,Friday
12/9/2006,2.202,Saturday
12/10/2006,2.202,Sunday
12/11/2006,2.222,Monday
12/12/2006,2.222,Tuesday
12/13/2006,2.222,Wednesday
12/14/2006,2.222,Thursday
12/15/2006,2.222,Friday
12/16/2006,2.222,Saturday
12/17/2006,2.222,Sunday
12/18/2006,2.238,Monday
12/19/2006,2.238,Tuesday
12/20/2006,2.238,Wednesday
12/21/2006,2.238,Thursday
12/22/2006,2.238,Friday
12/23/2006,2.238,Saturday
12/24/2006,2.238,Sunday
12/25/2006,2.257,Monday
12/26/2006,2.257,Tuesday
12/27/2006,2.257,Wednesday
12/28/2006,2.257,Thursday
12/29/2006,2.257,Friday
12/30/2006,2.257,Saturday
12/31/2006,2.257,Sunday
1/1/2007,2.243,Monday
1/2/2007,2.243,Tuesday
1/3/2007,2.243,Wednesday
1/4/2007,2.243,Thursday
1/5/2007,2.243,Friday
1/6/2007,2.243,Saturday
1/7/2007,2.243,Sunday
1/8/2007,2.215,Monday
1/9/2007,2.215,Tuesday
1/10/2007,2.215,Wednesday
1/11/2007,2.215,Thursday
1/12/2007,2.215,Friday
1/13/2007,2.215,Saturday
1/14/2007,2.215,Sunday
1/15/2007,2.152,Monday
1/16/2007,2.152,Tuesday
1/17/2007,2.152,Wednesday
1/18/2007,2.152,Thursday
1/19/2007,2.152,Friday
1/20/2007,2.152,Saturday
1/21/2007,2.152,Sunday
1/22/2007,2.08,Monday
1/23/2007,2.08,Tuesday
1/24/2007,2.08,Wednesday
1/25/2007,2.08,Thursday
1/26/2007,2.08,Friday
1/27/2007,2.08,Saturday
1/28/2007,2.08,Sunday
1/29/2007,2.042,Monday
1/30/2007,2.042,Tuesday
1/31/2007,2.042,Wednesday
2/1/2007,2.042,Thursday
2/2/2007,2.042,Friday
2/3/2007,2.042,Saturday
2/4/2007,2.042,Sunday
2/5/2007,2.072,Monday
2/6/2007,2.072,Tuesday
2/7/2007,2.072,Wednesday
2/8/2007,2.072,Thursday
2/9/2007,2.072,Friday
2/10/2007,2.072,Saturday
2/11/2007,2.072,Sunday
2/12/2007,2.114,Monday
2/13/2007,2.114,Tuesday
2/14/2007,2.114,Wednesday
2/15/2007,2.114,Thursday
2/16/2007,2.114,Friday
2/17/2007,2.114,Saturday
2/18/2007,2.114,Sunday
2/19/2007,2.166,Monday
2/20/2007,2.166,Tuesday
2/21/2007,2.166,Wednesday
2/22/2007,2.166,Thursday
2/23/2007,2.166,Friday
2/24/2007,2.166,Saturday
2/25/2007,2.166,Sunday
2/26/2007,2.265,Monday
2/27/2007,2.265,Tuesday
2/28/2007,2.265,Wednesday
3/1/2007,2.265,Thursday
3/2/2007,2.265,Friday
3/3/2007,2.265,Saturday
3/4/2007,2.265,Sunday
3/5/2007,2.391,Monday
3/6/2007,2.391,Tuesday
3/7/2007,2.391,Wednesday
3/8/2007,2.391,Thursday
3/9/2007,2.391,Friday
3/10/2007,2.391,Saturday
3/11/2007,2.391,Sunday
3/12/2007,2.418,Monday
3/13/2007,2.418,Tuesday
3/14/2007,2.418,Wednesday
3/15/2007,2.418,Thursday
3/16/2007,2.418,Friday
3/17/2007,2.418,Saturday
3/18/2007,2.418,Sunday
3/19/2007,2.444,Monday
3/20/2007,2.444,Tuesday
3/21/2007,2.444,Wednesday
3/22/2007,2.444,Thursday
3/23/2007,2.444,Friday
3/24/2007,2.444,Saturday
3/25/2007,2.444,Sunday
3/26/2007,2.497,Monday
3/27/2007,2.497,Tuesday
3/28/2007,2.497,Wednesday
3/29/2007,2.497,Thursday
3/30/2007,2.497,Friday
3/31/2007,2.497,Saturday
4/1/2007,2.497,Sunday
4/2/2007,2.638,Monday
4/3/2007,2.638,Tuesday
4/4/2007,2.638,Wednesday
4/5/2007,2.638,Thursday
4/6/2007,2.638,Friday
4/7/2007,2.638,Saturday
4/8/2007,2.638,Sunday
4/9/2007,2.738,Monday
4/10/2007,2.738,Tuesday
4/11/2007,2.738,Wednesday
4/12/2007,2.738,Thursday
4/13/2007,2.738,Friday
4/14/2007,2.738,Saturday
4/15/2007,2.738,Sunday
4/16/2007,2.837,Monday
4/17/2007,2.837,Tuesday
4/18/2007,2.837,Wednesday
4/19/2007,2.837,Thursday
4/20/2007,2.837,Friday
4/21/2007,2.837,Saturday
4/22/2007,2.837,Sunday
4/23/2007,2.844,Monday
4/24/2007,2.844,Tuesday
4/25/2007,2.844,Wednesday
4/26/2007,2.844,Thursday
4/27/2007,2.844,Friday
4/28/2007,2.844,Saturday
4/29/2007,2.844,Sunday
4/30/2007,2.92,Monday
5/1/2007,2.92,Tuesday
5/2/2007,2.92,Wednesday
5/3/2007,2.92,Thursday
5/4/2007,2.92,Friday
5/5/2007,2.92,Saturday
5/6/2007,2.92,Sunday
5/7/2007,2.916,Monday
5/8/2007,2.916,Tuesday
5/9/2007,2.916,Wednesday
5/10/2007,2.916,Thursday
5/11/2007,2.916,Friday
5/12/2007,2.916,Saturday
5/13/2007,2.916,Sunday
5/14/2007,2.944,Monday
5/15/2007,2.944,Tuesday
5/16/2007,2.944,Wednesday
5/17/2007,2.944,Thursday
5/18/2007,2.944,Friday
5/19/2007,2.944,Saturday
5/20/2007,2.944,Sunday
5/21/2007,3.079,Monday
5/22/2007,3.079,Tuesday
5/23/2007,3.079,Wednesday
5/24/2007,3.079,Thursday
5/25/2007,3.079,Friday
5/26/2007,3.079,Saturday
5/27/2007,3.079,Sunday
5/28/2007,3.061,Monday
5/29/2007,3.061,Tuesday
5/30/2007,3.061,Wednesday
5/31/2007,3.061,Thursday
6/1/2007,3.061,Friday
6/2/2007,3.061,Saturday
6/3/2007,3.061,Sunday
6/4/2007,3.024,Monday
6/5/2007,3.024,Tuesday
6/6/2007,3.024,Wednesday
6/7/2007,3.024,Thursday
6/8/2007,3.024,Friday
6/9/2007,3.024,Saturday
6/10/2007,3.024,Sunday
6/11/2007,2.96,Monday
6/12/2007,2.96,Tuesday
6/13/2007,2.96,Wednesday
6/14/2007,2.96,Thursday
6/15/2007,2.96,Friday
6/16/2007,2.96,Saturday
6/17/2007,2.96,Sunday
6/18/2007,2.893,Monday
6/19/2007,2.893,Tuesday
6/20/2007,2.893,Wednesday
6/21/2007,2.893,Thursday
6/22/2007,2.893,Friday
6/23/2007,2.893,Saturday
6/24/2007,2.893,Sunday
6/25/2007,2.873,Monday
6/26/2007,2.873,Tuesday
6/27/2007,2.873,Wednesday
6/28/2007,2.873,Thursday
6/29/2007,2.873,Friday
6/30/2007,2.873,Saturday
7/1/2007,2.873,Sunday
7/2/2007,2.842,Monday
7/3/2007,2.842,Tuesday
7/4/2007,2.842,Wednesday
7/5/2007,2.842,Thursday
7/6/2007,2.842,Friday
7/7/2007,2.842,Saturday
7/8/2007,2.842,Sunday
7/9/2007,2.863,Monday
7/10/2007,2.863,Tuesday
7/11/2007,2.863,Wednesday
7/12/2007,2.863,Thursday
7/13/2007,2.863,Friday
7/14/2007,2.863,Saturday
7/15/2007,2.863,Sunday
7/16/2007,2.918,Monday
7/17/2007,2.918,Tuesday
7/18/2007,2.918,Wednesday
7/19/2007,2.918,Thursday
7/20/2007,2.918,Friday
7/21/2007,2.918,Saturday
7/22/2007,2.918,Sunday
7/23/2007,2.867,Monday
7/24/2007,2.867,Tuesday
7/25/2007,2.867,Wednesday
7/26/2007,2.867,Thursday
7/27/2007,2.867,Friday
7/28/2007,2.867,Saturday
7/29/2007,2.867,Sunday
7/30/2007,2.792,Monday
7/31/2007,2.792,Tuesday
8/1/2007,2.792,Wednesday
8/2/2007,2.792,Thursday
8/3/2007,2.792,Friday
8/4/2007,2.792,Saturday
8/5/2007,2.792,Sunday
8/6/2007,2.736,Monday
8/7/2007,2.736,Tuesday
8/8/2007,2.736,Wednesday
8/9/2007,2.736,Thursday
8/10/2007,2.736,Friday
8/11/2007,2.736,Saturday
8/12/2007,2.736,Sunday
8/13/2007,2.674,Monday
8/14/2007,2.674,Tuesday
8/15/2007,2.674,Wednesday
8/16/2007,2.674,Thursday
8/17/2007,2.674,Friday
8/18/2007,2.674,Saturday
8/19/2007,2.674,Sunday
8/20/2007,2.667,Monday
8/21/2007,2.667,Tuesday
8/22/2007,2.667,Wednesday
8/23/2007,2.667,Thursday
8/24/2007,2.667,Friday
8/25/2007,2.667,Saturday
8/26/2007,2.667,Sunday
8/27/2007,2.621,Monday
8/28/2007,2.621,Tuesday
8/29/2007,2.621,Wednesday
8/30/2007,2.621,Thursday
8/31/2007,2.621,Friday
9/1/2007,2.621,Saturday
9/2/2007,2.621,Sunday
9/3/2007,2.615,Monday
9/4/2007,2.615,Tuesday
9/5/2007,2.615,Wednesday
9/6/2007,2.615,Thursday
9/7/2007,2.615,Friday
9/8/2007,2.615,Saturday
9/9/2007,2.615,Sunday
9/10/2007,2.657,Monday
9/11/2007,2.657,Tuesday
9/12/2007,2.657,Wednesday
9/13/2007,2.657,Thursday
9/14/2007,2.657,Friday
9/15/2007,2.657,Saturday
9/16/2007,2.657,Sunday
9/17/2007,2.65,Monday
9/18/2007,2.65,Tuesday
9/19/2007,2.65,Wednesday
9/20/2007,2.65,Thursday
9/21/2007,2.65,Friday
9/22/2007,2.65,Saturday
9/23/2007,2.65,Sunday
9/24/2007,2.686,Monday
9/25/2007,2.686,Tuesday
9/26/2007,2.686,Wednesday
9/27/2007,2.686,Thursday
9/28/2007,2.686,Friday
9/29/2007,2.686,Saturday
9/30/2007,2.686,Sunday
10/1/2007,2.67,Monday
10/2/2007,2.67,Tuesday
10/3/2007,2.67,Wednesday
10/4/2007,2.67,Thursday
10/5/2007,2.67,Friday
10/6/2007,2.67,Saturday
10/7/2007,2.67,Sunday
10/8/2007,2.634,Monday
10/9/2007,2.634,Tuesday
10/10/2007,2.634,Wednesday
10/11/2007,2.634,Thursday
10/12/2007,2.634,Friday
10/13/2007,2.634,Saturday
10/14/2007,2.634,Sunday
10/15/2007,2.625,Monday
10/16/2007,2.625,Tuesday
10/17/2007,2.625,Wednesday
10/18/2007,2.625,Thursday
10/19/2007,2.625,Friday
10/20/2007,2.625,Saturday
10/21/2007,2.625,Sunday
10/22/2007,2.675,Monday
10/23/2007,2.675,Tuesday
10/24/2007,2.675,Wednesday
10/25/2007,2.675,Thursday
10/26/2007,2.675,Friday
10/27/2007,2.675,Saturday
10/28/2007,2.675,Sunday
10/29/2007,2.723,Monday
10/30/2007,2.723,Tuesday
10/31/2007,2.723,Wednesday
11/1/2007,2.723,Thursday
11/2/2007,2.723,Friday
11/3/2007,2.723,Saturday
11/4/2007,2.723,Sunday
11/5/2007,2.894,Monday
11/6/2007,2.894,Tuesday
11/7/2007,2.894,Wednesday
11/8/2007,2.894,Thursday
11/9/2007,2.894,Friday
11/10/2007,2.894,Saturday
11/11/2007,2.894,Sunday
11/12/2007,3.003,Monday
11/13/2007,3.003,Tuesday
11/14/2007,3.003,Wednesday
11/15/2007,3.003,Thursday
11/16/2007,3.003,Friday
11/17/2007,3.003,Saturday
11/18/2007,3.003,Sunday
11/19/2007,2.997,Monday
11/20/2007,2.997,Tuesday
11/21/2007,2.997,Wednesday
11/22/2007,2.997,Thursday
11/23/2007,2.997,Friday
11/24/2007,2.997,Saturday
11/25/2007,2.997,Sunday
11/26/2007,3.004,Monday
11/27/2007,3.004,Tuesday
11/28/2007,3.004,Wednesday
11/29/2007,3.004,Thursday
11/30/2007,3.004,Friday
12/1/2007,3.004,Saturday
12/2/2007,3.004,Sunday
12/3/2007,2.967,Monday
12/4/2007,2.967,Tuesday
12/5/2007,2.967,Wednesday
12/6/2007,2.967,Thursday
12/7/2007,2.967,Friday
12/8/2007,2.967,Saturday
12/9/2007,2.967,Sunday
12/10/2007,2.909,Monday
12/11/2007,2.909,Tuesday
12/12/2007,2.909,Wednesday
12/13/2007,2.909,Thursday
12/14/2007,2.909,Friday
12/15/2007,2.909,Saturday
12/16/2007,2.909,Sunday
12/17/2007,2.891,Monday
12/18/2007,2.891,Tuesday
12/19/2007,2.891,Wednesday
12/20/2007,2.891,Thursday
12/21/2007,2.891,Friday
12/22/2007,2.891,Saturday
12/23/2007,2.891,Sunday
12/24/2007,2.872,Monday
12/25/2007,2.872,Tuesday
12/26/2007,2.872,Wednesday
12/27/2007,2.872,Thursday
12/28/2007,2.872,Friday
12/29/2007,2.872,Saturday
12/30/2007,2.872,Sunday
12/31/2007,2.945,Monday
1/1/2008,2.945,Tuesday
1/2/2008,2.945,Wednesday
1/3/2008,2.945,Thursday
1/4/2008,2.945,Friday
1/5/2008,2.945,Saturday
1/6/2008,2.945,Sunday
1/7/2008,3.014,Monday
1/8/2008,3.014,Tuesday
1/9/2008,3.014,Wednesday
1/10/2008,3.014,Thursday
1/11/2008,3.014,Friday
1/12/2008,3.014,Saturday
1/13/2008,3.014,Sunday
1/14/2008,2.986,Monday
1/15/2008,2.986,Tuesday
1/16/2008,2.986,Wednesday
1/17/2008,2.986,Thursday
1/18/2008,2.986,Friday
1/19/2008,2.986,Saturday
1/20/2008,2.986,Sunday
1/21/2008,2.92,Monday
1/22/2008,2.92,Tuesday
1/23/2008,2.92,Wednesday
1/24/2008,2.92,Thursday
1/25/2008,2.92,Friday
1/26/2008,2.92,Saturday
1/27/2008,2.92,Sunday
1/28/2008,2.874,Monday
1/29/2008,2.874,Tuesday
1/30/2008,2.874,Wednesday
1/31/2008,2.874,Thursday
2/1/2008,2.874,Friday
2/2/2008,2.874,Saturday
2/3/2008,2.874,Sunday
2/4/2008,2.876,Monday
2/5/2008,2.876,Tuesday
2/6/2008,2.876,Wednesday
2/7/2008,2.876,Thursday
2/8/2008,2.876,Friday
2/9/2008,2.876,Saturday
2/10/2008,2.876,Sunday
2/11/2008,2.847,Monday
2/12/2008,2.847,Tuesday
2/13/2008,2.847,Wednesday
2/14/2008,2.847,Thursday
2/15/2008,2.847,Friday
2/16/2008,2.847,Saturday
2/17/2008,2.847,Sunday
2/18/2008,2.959,Monday
2/19/2008,2.959,Tuesday
2/20/2008,2.959,Wednesday
2/21/2008,2.959,Thursday
2/22/2008,2.959,Friday
2/23/2008,2.959,Saturday
2/24/2008,2.959,Sunday
2/25/2008,3.093,Monday
2/26/2008,3.093,Tuesday
2/27/2008,3.093,Wednesday
2/28/2008,3.093,Thursday
2/29/2008,3.093,Friday
3/1/2008,3.093,Saturday
3/2/2008,3.093,Sunday
3/3/2008,3.117,Monday
3/4/2008,3.117,Tuesday
3/5/2008,3.117,Wednesday
3/6/2008,3.117,Thursday
3/7/2008,3.117,Friday
3/8/2008,3.117,Saturday
3/9/2008,3.117,Sunday
3/10/2008,3.161,Monday
3/11/2008,3.161,Tuesday
3/12/2008,3.161,Wednesday
3/13/2008,3.161,Thursday
3/14/2008,3.161,Friday
3/15/2008,3.161,Saturday
3/16/2008,3.161,Sunday
3/17/2008,3.218,Monday
3/18/2008,3.218,Tuesday
3/19/2008,3.218,Wednesday
3/20/2008,3.218,Thursday
3/21/2008,3.218,Friday
3/22/2008,3.218,Saturday
3/23/2008,3.218,Sunday
3/24/2008,3.213,Monday
3/25/2008,3.213,Tuesday
3/26/2008,3.213,Wednesday
3/27/2008,3.213,Thursday
3/28/2008,3.213,Friday
3/29/2008,3.213,Saturday
3/30/2008,3.213,Sunday
3/31/2008,3.24,Monday
4/1/2008,3.24,Tuesday
4/2/2008,3.24,Wednesday
4/3/2008,3.24,Thursday
4/4/2008,3.24,Friday
4/5/2008,3.24,Saturday
4/6/2008,3.24,Sunday
4/7/2008,3.284,Monday
4/8/2008,3.284,Tuesday
4/9/2008,3.284,Wednesday
4/10/2008,3.284,Thursday
4/11/2008,3.284,Friday
4/12/2008,3.284,Saturday
4/13/2008,3.284,Sunday
4/14/2008,3.312,Monday
4/15/2008,3.312,Tuesday
4/16/2008,3.312,Wednesday
4/17/2008,3.312,Thursday
4/18/2008,3.312,Friday
4/19/2008,3.312,Saturday
4/20/2008,3.312,Sunday
4/21/2008,3.447,Monday
4/22/2008,3.447,Tuesday
4/23/2008,3.447,Wednesday
4/24/2008,3.447,Thursday
4/25/2008,3.447,Friday
4/26/2008,3.447,Saturday
4/27/2008,3.447,Sunday
4/28/2008,3.529,Monday
4/29/2008,3.529,Tuesday
4/30/2008,3.529,Wednesday
5/1/2008,3.529,Thursday
5/2/2008,3.529,Friday
5/3/2008,3.529,Saturday
5/4/2008,3.529,Sunday
5/5/2008,3.532,Monday
5/6/2008,3.532,Tuesday
5/7/2008,3.532,Wednesday
5/8/2008,3.532,Thursday
5/9/2008,3.532,Friday
5/10/2008,3.532,Saturday
5/11/2008,3.532,Sunday
5/12/2008,3.657,Monday
5/13/2008,3.657,Tuesday
5/14/2008,3.657,Wednesday
5/15/2008,3.657,Thursday
5/16/2008,3.657,Friday
5/17/2008,3.657,Saturday
5/18/2008,3.657,Sunday
5/19/2008,3.73,Monday
5/20/2008,3.73,Tuesday
5/21/2008,3.73,Wednesday
5/22/2008,3.73,Thursday
5/23/2008,3.73,Friday
5/24/2008,3.73,Saturday
5/25/2008,3.73,Sunday
5/26/2008,3.883,Monday
5/27/2008,3.883,Tuesday
5/28/2008,3.883,Wednesday
5/29/2008,3.883,Thursday
5/30/2008,3.883,Friday
5/31/2008,3.883,Saturday
6/1/2008,3.883,Sunday
6/2/2008,3.906,Monday
6/3/2008,3.906,Tuesday
6/4/2008,3.906,Wednesday
6/5/2008,3.906,Thursday
6/6/2008,3.906,Friday
6/7/2008,3.906,Saturday
6/8/2008,3.906,Sunday
6/9/2008,3.949,Monday
6/10/2008,3.949,Tuesday
6/11/2008,3.949,Wednesday
6/12/2008,3.949,Thursday
6/13/2008,3.949,Friday
6/14/2008,3.949,Saturday
6/15/2008,3.949,Sunday
6/16/2008,3.997,Monday
6/17/2008,3.997,Tuesday
6/18/2008,3.997,Wednesday
6/19/2008,3.997,Thursday
6/20/2008,3.997,Friday
6/21/2008,3.997,Saturday
6/22/2008,3.997,Sunday
6/23/2008,3.987,Monday
6/24/2008,3.987,Tuesday
6/25/2008,3.987,Wednesday
6/26/2008,3.987,Thursday
6/27/2008,3.987,Friday
6/28/2008,3.987,Saturday
6/29/2008,3.987,Sunday
6/30/2008,3.99,Monday
7/1/2008,3.99,Tuesday
7/2/2008,3.99,Wednesday
7/3/2008,3.99,Thursday
7/4/2008,3.99,Friday
7/5/2008,3.99,Saturday
7/6/2008,3.99,Sunday
7/7/2008,4.019,Monday
7/8/2008,4.019,Tuesday
7/9/2008,4.019,Wednesday
7/10/2008,4.019,Thursday
7/11/2008,4.019,Friday
7/12/2008,4.019,Saturday
7/13/2008,4.019,Sunday
7/14/2008,4.024,Monday
7/15/2008,4.024,Tuesday
7/16/2008,4.024,Wednesday
7/17/2008,4.024,Thursday
7/18/2008,4.024,Friday
7/19/2008,4.024,Saturday
7/20/2008,4.024,Sunday
7/21/2008,3.977,Monday
7/22/2008,3.977,Tuesday
7/23/2008,3.977,Wednesday
7/24/2008,3.977,Thursday
7/25/2008,3.977,Friday
7/26/2008,3.977,Saturday
7/27/2008,3.977,Sunday
7/28/2008,3.868,Monday
7/29/2008,3.868,Tuesday
7/30/2008,3.868,Wednesday
7/31/2008,3.868,Thursday
8/1/2008,3.868,Friday
8/2/2008,3.868,Saturday
8/3/2008,3.868,Sunday
8/4/2008,3.776,Monday
8/5/2008,3.776,Tuesday
8/6/2008,3.776,Wednesday
8/7/2008,3.776,Thursday
8/8/2008,3.776,Friday
8/9/2008,3.776,Saturday
8/10/2008,3.776,Sunday
8/11/2008,3.689,Monday
8/12/2008,3.689,Tuesday
8/13/2008,3.689,Wednesday
8/14/2008,3.689,Thursday
8/15/2008,3.689,Friday
8/16/2008,3.689,Saturday
8/17/2008,3.689,Sunday
8/18/2008,3.583,Monday
8/19/2008,3.583,Tuesday
8/20/2008,3.583,Wednesday
8/21/2008,3.583,Thursday
8/22/2008,3.583,Friday
8/23/2008,3.583,Saturday
8/24/2008,3.583,Sunday
8/25/2008,3.498,Monday
8/26/2008,3.498,Tuesday
8/27/2008,3.498,Wednesday
8/28/2008,3.498,Thursday
8/29/2008,3.498,Friday
8/30/2008,3.498,Saturday
8/31/2008,3.498,Sunday
9/1/2008,3.525,Monday
9/2/2008,3.525,Tuesday
9/3/2008,3.525,Wednesday
9/4/2008,3.525,Thursday
9/5/2008,3.525,Friday
9/6/2008,3.525,Saturday
9/7/2008,3.525,Sunday
9/8/2008,3.516,Monday
9/9/2008,3.516,Tuesday
9/10/2008,3.516,Wednesday
9/11/2008,3.516,Thursday
9/12/2008,3.516,Friday
9/13/2008,3.516,Saturday
9/14/2008,3.516,Sunday
9/15/2008,3.76,Monday
9/16/2008,3.76,Tuesday
9/17/2008,3.76,Wednesday
9/18/2008,3.76,Thursday
9/19/2008,3.76,Friday
9/20/2008,3.76,Saturday
9/21/2008,3.76,Sunday
9/22/2008,3.708,Monday
9/23/2008,3.708,Tuesday
9/24/2008,3.708,Wednesday
9/25/2008,3.708,Thursday
9/26/2008,3.708,Friday
9/27/2008,3.708,Saturday
9/28/2008,3.708,Sunday
9/29/2008,3.607,Monday
9/30/2008,3.607,Tuesday
10/1/2008,3.607,Wednesday
10/2/2008,3.607,Thursday
10/3/2008,3.607,Friday
10/4/2008,3.607,Saturday
10/5/2008,3.607,Sunday
10/6/2008,3.436,Monday
10/7/2008,3.436,Tuesday
10/8/2008,3.436,Wednesday
10/9/2008,3.436,Thursday
10/10/2008,3.436,Friday
10/11/2008,3.436,Saturday
10/12/2008,3.436,Sunday
10/13/2008,3.038,Monday
10/14/2008,3.038,Tuesday
10/15/2008,3.038,Wednesday
10/16/2008,3.038,Thursday
10/17/2008,3.038,Friday
10/18/2008,3.038,Saturday
10/19/2008,3.038,Sunday
10/20/2008,2.763,Monday
10/21/2008,2.763,Tuesday
10/22/2008,2.763,Wednesday
10/23/2008,2.763,Thursday
10/24/2008,2.763,Friday
10/25/2008,2.763,Saturday
10/26/2008,2.763,Sunday
10/27/2008,2.48,Monday
10/28/2008,2.48,Tuesday
10/29/2008,2.48,Wednesday
10/30/2008,2.48,Thursday
10/31/2008,2.48,Friday
11/1/2008,2.48,Saturday
11/2/2008,2.48,Sunday
11/3/2008,2.243,Monday
11/4/2008,2.243,Tuesday
11/5/2008,2.243,Wednesday
11/6/2008,2.243,Thursday
11/7/2008,2.243,Friday
11/8/2008,2.243,Saturday
11/9/2008,2.243,Sunday
11/10/2008,2.092,Monday
11/11/2008,2.092,Tuesday
11/12/2008,2.092,Wednesday
11/13/2008,2.092,Thursday
11/14/2008,2.092,Friday
11/15/2008,2.092,Saturday
11/16/2008,2.092,Sunday
11/17/2008,1.977,Monday
11/18/2008,1.977,Tuesday
11/19/2008,1.977,Wednesday
11/20/2008,1.977,Thursday
11/21/2008,1.977,Friday
11/22/2008,1.977,Saturday
11/23/2008,1.977,Sunday
11/24/2008,1.808,Monday
11/25/2008,1.808,Tuesday
11/26/2008,1.808,Wednesday
11/27/2008,1.808,Thursday
11/28/2008,1.808,Friday
11/29/2008,1.808,Saturday
11/30/2008,1.808,Sunday
12/1/2008,1.735,Monday
12/2/2008,1.735,Tuesday
12/3/2008,1.735,Wednesday
12/4/2008,1.735,Thursday
12/5/2008,1.735,Friday
12/6/2008,1.735,Saturday
12/7/2008,1.735,Sunday
12/8/2008,1.637,Monday
12/9/2008,1.637,Tuesday
12/10/2008,1.637,Wednesday
12/11/2008,1.637,Thursday
12/12/2008,1.637,Friday
12/13/2008,1.637,Saturday
12/14/2008,1.637,Sunday
12/15/2008,1.575,Monday
12/16/2008,1.575,Tuesday
12/17/2008,1.575,Wednesday
12/18/2008,1.575,Thursday
12/19/2008,1.575,Friday
12/20/2008,1.575,Saturday
12/21/2008,1.575,Sunday
12/22/2008,1.58,Monday
12/23/2008,1.58,Tuesday
12/24/2008,1.58,Wednesday
12/25/2008,1.58,Thursday
12/26/2008,1.58,Friday
12/27/2008,1.58,Saturday
12/28/2008,1.58,Sunday
12/29/2008,1.532,Monday
12/30/2008,1.532,Tuesday
12/31/2008,1.532,Wednesday
1/1/2009,1.532,Thursday
1/2/2009,1.532,Friday
1/3/2009,1.532,Saturday
1/4/2009,1.532,Sunday
1/5/2009,1.554,Monday
1/6/2009,1.554,Tuesday
1/7/2009,1.554,Wednesday
1/8/2009,1.554,Thursday
1/9/2009,1.554,Friday
1/10/2009,1.554,Saturday
1/11/2009,1.554,Sunday
1/12/2009,1.649,Monday
1/13/2009,1.649,Tuesday
1/14/2009,1.649,Wednesday
1/15/2009,1.649,Thursday
1/16/2009,1.649,Friday
1/17/2009,1.649,Saturday
1/18/2009,1.649,Sunday
1/19/2009,1.743,Monday
1/20/2009,1.743,Tuesday
1/21/2009,1.743,Wednesday
1/22/2009,1.743,Thursday
1/23/2009,1.743,Friday
1/24/2009,1.743,Saturday
1/25/2009,1.743,Sunday
1/26/2009,1.751,Monday
1/27/2009,1.751,Tuesday
1/28/2009,1.751,Wednesday
1/29/2009,1.751,Thursday
1/30/2009,1.751,Friday
1/31/2009,1.751,Saturday
2/1/2009,1.751,Sunday
2/2/2009,1.804,Monday
2/3/2009,1.804,Tuesday
2/4/2009,1.804,Wednesday
2/5/2009,1.804,Thursday
2/6/2009,1.804,Friday
2/7/2009,1.804,Saturday
2/8/2009,1.804,Sunday
2/9/2009,1.853,Monday
2/10/2009,1.853,Tuesday
2/11/2009,1.853,Wednesday
2/12/2009,1.853,Thursday
2/13/2009,1.853,Friday
2/14/2009,1.853,Saturday
2/15/2009,1.853,Sunday
2/16/2009,1.875,Monday
2/17/2009,1.875,Tuesday
2/18/2009,1.875,Wednesday
2/19/2009,1.875,Thursday
2/20/2009,1.875,Friday
2/21/2009,1.875,Saturday
2/22/2009,1.875,Sunday
2/23/2009,1.825,Monday
2/24/2009,1.825,Tuesday
2/25/2009,1.825,Wednesday
2/26/2009,1.825,Thursday
2/27/2009,1.825,Friday
2/28/2009,1.825,Saturday
3/1/2009,1.825,Sunday
3/2/2009,1.827,Monday
3/3/2009,1.827,Tuesday
3/4/2009,1.827,Wednesday
3/5/2009,1.827,Thursday
3/6/2009,1.827,Friday
3/7/2009,1.827,Saturday
3/8/2009,1.827,Sunday
3/9/2009,1.835,Monday
3/10/2009,1.835,Tuesday
3/11/2009,1.835,Wednesday
3/12/2009,1.835,Thursday
3/13/2009,1.835,Friday
3/14/2009,1.835,Saturday
3/15/2009,1.835,Sunday
3/16/2009,1.832,Monday
3/17/2009,1.832,Tuesday
3/18/2009,1.832,Wednesday
3/19/2009,1.832,Thursday
3/20/2009,1.832,Friday
3/21/2009,1.832,Saturday
3/22/2009,1.832,Sunday
3/23/2009,1.905,Monday
3/24/2009,1.905,Tuesday
3/25/2009,1.905,Wednesday
3/26/2009,1.905,Thursday
3/27/2009,1.905,Friday
3/28/2009,1.905,Saturday
3/29/2009,1.905,Sunday
3/30/2009,1.963,Monday
3/31/2009,1.963,Tuesday
4/1/2009,1.963,Wednesday
4/2/2009,1.963,Thursday
4/3/2009,1.963,Friday
4/4/2009,1.963,Saturday
4/5/2009,1.963,Sunday
4/6/2009,1.97,Monday
4/7/2009,1.97,Tuesday
4/8/2009,1.97,Wednesday
4/9/2009,1.97,Thursday
4/10/2009,1.97,Friday
4/11/2009,1.97,Saturday
4/12/2009,1.97,Sunday
4/13/2009,1.974,Monday
4/14/2009,1.974,Tuesday
4/15/2009,1.974,Wednesday
4/16/2009,1.974,Thursday
4/17/2009,1.974,Friday
4/18/2009,1.974,Saturday
4/19/2009,1.974,Sunday
4/20/2009,1.971,Monday
4/21/2009,1.971,Tuesday
4/22/2009,1.971,Wednesday
4/23/2009,1.971,Thursday
4/24/2009,1.971,Friday
4/25/2009,1.971,Saturday
4/26/2009,1.971,Sunday
4/27/2009,1.966,Monday
4/28/2009,1.966,Tuesday
4/29/2009,1.966,Wednesday
4/30/2009,1.966,Thursday
5/1/2009,1.966,Friday
5/2/2009,1.966,Saturday
5/3/2009,1.966,Sunday
5/4/2009,1.978,Monday
5/5/2009,1.978,Tuesday
5/6/2009,1.978,Wednesday
5/7/2009,1.978,Thursday
5/8/2009,1.978,Friday
5/9/2009,1.978,Saturday
5/10/2009,1.978,Sunday
5/11/2009,2.147,Monday
5/12/2009,2.147,Tuesday
5/13/2009,2.147,Wednesday
5/14/2009,2.147,Thursday
5/15/2009,2.147,Friday
5/16/2009,2.147,Saturday
5/17/2009,2.147,Sunday
5/18/2009,2.241,Monday
5/19/2009,2.241,Tuesday
5/20/2009,2.241,Wednesday
5/21/2009,2.241,Thursday
5/22/2009,2.241,Friday
5/23/2009,2.241,Saturday
5/24/2009,2.241,Sunday
5/25/2009,2.344,Monday
5/26/2009,2.344,Tuesday
5/27/2009,2.344,Wednesday
5/28/2009,2.344,Thursday
5/29/2009,2.344,Friday
5/30/2009,2.344,Saturday
5/31/2009,2.344,Sunday
6/1/2009,2.407,Monday
6/2/2009,2.407,Tuesday
6/3/2009,2.407,Wednesday
6/4/2009,2.407,Thursday
6/5/2009,2.407,Friday
6/6/2009,2.407,Saturday
6/7/2009,2.407,Sunday
6/8/2009,2.478,Monday
6/9/2009,2.478,Tuesday
6/10/2009,2.478,Wednesday
6/11/2009,2.478,Thursday
6/12/2009,2.478,Friday
6/13/2009,2.478,Saturday
6/14/2009,2.478,Sunday
6/15/2009,2.541,Monday
6/16/2009,2.541,Tuesday
6/17/2009,2.541,Wednesday
6/18/2009,2.541,Thursday
6/19/2009,2.541,Friday
6/20/2009,2.541,Saturday
6/21/2009,2.541,Sunday
6/22/2009,2.573,Monday
6/23/2009,2.573,Tuesday
6/24/2009,2.573,Wednesday
6/25/2009,2.573,Thursday
6/26/2009,2.573,Friday
6/27/2009,2.573,Saturday
6/28/2009,2.573,Sunday
6/29/2009,2.524,Monday
6/30/2009,2.524,Tuesday
7/1/2009,2.524,Wednesday
7/2/2009,2.524,Thursday
7/3/2009,2.524,Friday
7/4/2009,2.524,Saturday
7/5/2009,2.524,Sunday
7/6/2009,2.493,Monday
7/7/2009,2.493,Tuesday
7/8/2009,2.493,Wednesday
7/9/2009,2.493,Thursday
7/10/2009,2.493,Friday
7/11/2009,2.493,Saturday
7/12/2009,2.493,Sunday
7/13/2009,2.411,Monday
7/14/2009,2.411,Tuesday
7/15/2009,2.411,Wednesday
7/16/2009,2.411,Thursday
7/17/2009,2.411,Friday
7/18/2009,2.411,Saturday
7/19/2009,2.411,Sunday
7/20/2009,2.347,Monday
7/21/2009,2.347,Tuesday
7/22/2009,2.347,Wednesday
7/23/2009,2.347,Thursday
7/24/2009,2.347,Friday
7/25/2009,2.347,Saturday
7/26/2009,2.347,Sunday
7/27/2009,2.383,Monday
7/28/2009,2.383,Tuesday
7/29/2009,2.383,Wednesday
7/30/2009,2.383,Thursday
7/31/2009,2.383,Friday
8/1/2009,2.383,Saturday
8/2/2009,2.383,Sunday
8/3/2009,2.445,Monday
8/4/2009,2.445,Tuesday
8/5/2009,2.445,Wednesday
8/6/2009,2.445,Thursday
8/7/2009,2.445,Friday
8/8/2009,2.445,Saturday
8/9/2009,2.445,Sunday
8/10/2009,2.538,Monday
8/11/2009,2.538,Tuesday
8/12/2009,2.538,Wednesday
8/13/2009,2.538,Thursday
8/14/2009,2.538,Friday
8/15/2009,2.538,Saturday
8/16/2009,2.538,Sunday
8/17/2009,2.543,Monday
8/18/2009,2.543,Tuesday
8/19/2009,2.543,Wednesday
8/20/2009,2.543,Thursday
8/21/2009,2.543,Friday
8/22/2009,2.543,Saturday
8/23/2009,2.543,Sunday
8/24/2009,2.521,Monday
8/25/2009,2.521,Tuesday
8/26/2009,2.521,Wednesday
8/27/2009,2.521,Thursday
8/28/2009,2.521,Friday
8/29/2009,2.521,Saturday
8/30/2009,2.521,Sunday
8/31/2009,2.498,Monday
9/1/2009,2.498,Tuesday
9/2/2009,2.498,Wednesday
9/3/2009,2.498,Thursday
9/4/2009,2.498,Friday
9/5/2009,2.498,Saturday
9/6/2009,2.498,Sunday
9/7/2009,2.455,Monday
9/8/2009,2.455,Tuesday
9/9/2009,2.455,Wednesday
9/10/2009,2.455,Thursday
9/11/2009,2.455,Friday
9/12/2009,2.455,Saturday
9/13/2009,2.455,Sunday
9/14/2009,2.425,Monday
9/15/2009,2.425,Tuesday
9/16/2009,2.425,Wednesday
9/17/2009,2.425,Thursday
9/18/2009,2.425,Friday
9/19/2009,2.425,Saturday
9/20/2009,2.425,Sunday
9/21/2009,2.38,Monday
9/22/2009,2.38,Tuesday
9/23/2009,2.38,Wednesday
9/24/2009,2.38,Thursday
9/25/2009,2.38,Friday
9/26/2009,2.38,Saturday
9/27/2009,2.38,Sunday
9/28/2009,2.331,Monday
9/29/2009,2.331,Tuesday
9/30/2009,2.331,Wednesday
10/1/2009,2.331,Thursday
10/2/2009,2.331,Friday
10/3/2009,2.331,Saturday
10/4/2009,2.331,Sunday
10/5/2009,2.291,Monday
10/6/2009,2.291,Tuesday
10/7/2009,2.291,Wednesday
10/8/2009,2.291,Thursday
10/9/2009,2.291,Friday
10/10/2009,2.291,Saturday
10/11/2009,2.291,Sunday
10/12/2009,2.329,Monday
10/13/2009,2.329,Tuesday
10/14/2009,2.329,Wednesday
10/15/2009,2.329,Thursday
10/16/2009,2.329,Friday
10/17/2009,2.329,Saturday
10/18/2009,2.329,Sunday
10/19/2009,2.444,Monday
10/20/2009,2.444,Tuesday
10/21/2009,2.444,Wednesday
10/22/2009,2.444,Thursday
10/23/2009,2.444,Friday
10/24/2009,2.444,Saturday
10/25/2009,2.444,Sunday
10/26/2009,2.575,Monday
10/27/2009,2.575,Tuesday
10/28/2009,2.575,Wednesday
10/29/2009,2.575,Thursday
10/30/2009,2.575,Friday
10/31/2009,2.575,Saturday
11/1/2009,2.575,Sunday
11/2/2009,2.603,Monday
11/3/2009,2.603,Tuesday
11/4/2009,2.603,Wednesday
11/5/2009,2.603,Thursday
11/6/2009,2.603,Friday
11/7/2009,2.603,Saturday
11/8/2009,2.603,Sunday
11/9/2009,2.583,Monday
11/10/2009,2.583,Tuesday
11/11/2009,2.583,Wednesday
11/12/2009,2.583,Thursday
11/13/2009,2.583,Friday
11/14/2009,2.583,Saturday
11/15/2009,2.583,Sunday
11/16/2009,2.558,Monday
11/17/2009,2.558,Tuesday
11/18/2009,2.558,Wednesday
11/19/2009,2.558,Thursday
11/20/2009,2.558,Friday
11/21/2009,2.558,Saturday
11/22/2009,2.558,Sunday
11/23/2009,2.552,Monday
11/24/2009,2.552,Tuesday
11/25/2009,2.552,Wednesday
11/26/2009,2.552,Thursday
11/27/2009,2.552,Friday
11/28/2009,2.552,Saturday
11/29/2009,2.552,Sunday
11/30/2009,2.548,Monday
12/1/2009,2.548,Tuesday
12/2/2009,2.548,Wednesday
12/3/2009,2.548,Thursday
12/4/2009,2.548,Friday
12/5/2009,2.548,Saturday
12/6/2009,2.548,Sunday
12/7/2009,2.552,Monday
12/8/2009,2.552,Tuesday
12/9/2009,2.552,Wednesday
12/10/2009,2.552,Thursday
12/11/2009,2.552,Friday
12/12/2009,2.552,Saturday
12/13/2009,2.552,Sunday
12/14/2009,2.537,Monday
12/15/2009,2.537,Tuesday
12/16/2009,2.537,Wednesday
12/17/2009,2.537,Thursday
12/18/2009,2.537,Friday
12/19/2009,2.537,Saturday
12/20/2009,2.537,Sunday
12/21/2009,2.522,Monday
12/22/2009,2.522,Tuesday
12/23/2009,2.522,Wednesday
12/24/2009,2.522,Thursday
12/25/2009,2.522,Friday
12/26/2009,2.522,Saturday
12/27/2009,2.522,Sunday
12/28/2009,2.53,Monday
12/29/2009,2.53,Tuesday
12/30/2009,2.53,Wednesday
12/31/2009,2.53,Thursday
1/1/2010,2.53,Friday
1/2/2010,2.53,Saturday
1/3/2010,2.53,Sunday
1/4/2010,2.563,Monday
1/5/2010,2.563,Tuesday
1/6/2010,2.563,Wednesday
1/7/2010,2.563,Thursday
1/8/2010,2.563,Friday
1/9/2010,2.563,Saturday
1/10/2010,2.563,Sunday
1/11/2010,2.66,Monday
1/12/2010,2.66,Tuesday
1/13/2010,2.66,Wednesday
1/14/2010,2.66,Thursday
1/15/2010,2.66,Friday
1/16/2010,2.66,Saturday
1/17/2010,2.66,Sunday
1/18/2010,2.677,Monday
1/19/2010,2.677,Tuesday
1/20/2010,2.677,Wednesday
1/21/2010,2.677,Thursday
1/22/2010,2.677,Friday
1/23/2010,2.677,Saturday
1/24/2010,2.677,Sunday
1/25/2010,2.634,Monday
1/26/2010,2.634,Tuesday
1/27/2010,2.634,Wednesday
1/28/2010,2.634,Thursday
1/29/2010,2.634,Friday
1/30/2010,2.634,Saturday
1/31/2010,2.634,Sunday
2/1/2010,2.602,Monday
2/2/2010,2.602,Tuesday
2/3/2010,2.602,Wednesday
2/4/2010,2.602,Thursday
2/5/2010,2.602,Friday
2/6/2010,2.602,Saturday
2/7/2010,2.602,Sunday
2/8/2010,2.581,Monday
2/9/2010,2.581,Tuesday
2/10/2010,2.581,Wednesday
2/11/2010,2.581,Thursday
2/12/2010,2.581,Friday
2/13/2010,2.581,Saturday
2/14/2010,2.581,Sunday
2/15/2010,2.543,Monday
2/16/2010,2.543,Tuesday
2/17/2010,2.543,Wednesday
2/18/2010,2.543,Thursday
2/19/2010,2.543,Friday
2/20/2010,2.543,Saturday
2/21/2010,2.543,Sunday
2/22/2010,2.566,Monday
2/23/2010,2.566,Tuesday
2/24/2010,2.566,Wednesday
2/25/2010,2.566,Thursday
2/26/2010,2.566,Friday
2/27/2010,2.566,Saturday
2/28/2010,2.566,Sunday
3/1/2010,2.604,Monday
3/2/2010,2.604,Tuesday
3/3/2010,2.604,Wednesday
3/4/2010,2.604,Thursday
3/5/2010,2.604,Friday
3/6/2010,2.604,Saturday
3/7/2010,2.604,Sunday
3/8/2010,2.644,Monday
3/9/2010,2.644,Tuesday
3/10/2010,2.644,Wednesday
3/11/2010,2.644,Thursday
3/12/2010,2.644,Friday
3/13/2010,2.644,Saturday
3/14/2010,2.644,Sunday
3/15/2010,2.723,Monday
3/16/2010,2.723,Tuesday
3/17/2010,2.723,Wednesday
3/18/2010,2.723,Thursday
3/19/2010,2.723,Friday
3/20/2010,2.723,Saturday
3/21/2010,2.723,Sunday
3/22/2010,2.766,Monday
3/23/2010,2.766,Tuesday
3/24/2010,2.766,Wednesday
3/25/2010,2.766,Thursday
3/26/2010,2.766,Friday
3/27/2010,2.766,Saturday
3/28/2010,2.766,Sunday
3/29/2010,2.751,Monday
3/30/2010,2.751,Tuesday
3/31/2010,2.751,Wednesday
4/1/2010,2.751,Thursday
4/2/2010,2.751,Friday
4/3/2010,2.751,Saturday
4/4/2010,2.751,Sunday
4/5/2010,2.789,Monday
4/6/2010,2.789,Tuesday
4/7/2010,2.789,Wednesday
4/8/2010,2.789,Thursday
4/9/2010,2.789,Friday
4/10/2010,2.789,Saturday
4/11/2010,2.789,Sunday
4/12/2010,2.814,Monday
4/13/2010,2.814,Tuesday
4/14/2010,2.814,Wednesday
4/15/2010,2.814,Thursday
4/16/2010,2.814,Friday
4/17/2010,2.814,Saturday
4/18/2010,2.814,Sunday
4/19/2010,2.808,Monday
4/20/2010,2.808,Tuesday
4/21/2010,2.808,Wednesday
4/22/2010,2.808,Thursday
4/23/2010,2.808,Friday
4/24/2010,2.808,Saturday
4/25/2010,2.808,Sunday
4/26/2010,2.81,Monday
4/27/2010,2.81,Tuesday
4/28/2010,2.81,Wednesday
4/29/2010,2.81,Thursday
4/30/2010,2.81,Friday
5/1/2010,2.81,Saturday
5/2/2010,2.81,Sunday
5/3/2010,2.835,Monday
5/4/2010,2.835,Tuesday
5/5/2010,2.835,Wednesday
5/6/2010,2.835,Thursday
5/7/2010,2.835,Friday
5/8/2010,2.835,Saturday
5/9/2010,2.835,Sunday
5/10/2010,2.838,Monday
5/11/2010,2.838,Tuesday
5/12/2010,2.838,Wednesday
5/13/2010,2.838,Thursday
5/14/2010,2.838,Friday
5/15/2010,2.838,Saturday
5/16/2010,2.838,Sunday
5/17/2010,2.799,Monday
5/18/2010,2.799,Tuesday
5/19/2010,2.799,Wednesday
5/20/2010,2.799,Thursday
5/21/2010,2.799,Friday
5/22/2010,2.799,Saturday
5/23/2010,2.799,Sunday
5/24/2010,2.714,Monday
5/25/2010,2.714,Tuesday
5/26/2010,2.714,Wednesday
5/27/2010,2.714,Thursday
5/28/2010,2.714,Friday
5/29/2010,2.714,Saturday
5/30/2010,2.714,Sunday
5/31/2010,2.638,Monday
6/1/2010,2.638,Tuesday
6/2/2010,2.638,Wednesday
6/3/2010,2.638,Thursday
6/4/2010,2.638,Friday
6/5/2010,2.638,Saturday
6/6/2010,2.638,Sunday
6/7/2010,2.61,Monday
6/8/2010,2.61,Tuesday
6/9/2010,2.61,Wednesday
6/10/2010,2.61,Thursday
6/11/2010,2.61,Friday
6/12/2010,2.61,Saturday
6/13/2010,2.61,Sunday
6/14/2010,2.593,Monday
6/15/2010,2.593,Tuesday
6/16/2010,2.593,Wednesday
6/17/2010,2.593,Thursday
6/18/2010,2.593,Friday
6/19/2010,2.593,Saturday
6/20/2010,2.593,Sunday
6/21/2010,2.624,Monday
6/22/2010,2.624,Tuesday
6/23/2010,2.624,Wednesday
6/24/2010,2.624,Thursday
6/25/2010,2.624,Friday
6/26/2010,2.624,Saturday
6/27/2010,2.624,Sunday
6/28/2010,2.64,Monday
6/29/2010,2.64,Tuesday
6/30/2010,2.64,Wednesday
7/1/2010,2.64,Thursday
7/2/2010,2.64,Friday
7/3/2010,2.64,Saturday
7/4/2010,2.64,Sunday
7/5/2010,2.609,Monday
7/6/2010,2.609,Tuesday
7/7/2010,2.609,Wednesday
7/8/2010,2.609,Thursday
7/9/2010,2.609,Friday
7/10/2010,2.609,Saturday
7/11/2010,2.609,Sunday
7/12/2010,2.591,Monday
7/13/2010,2.591,Tuesday
7/14/2010,2.591,Wednesday
7/15/2010,2.591,Thursday
7/16/2010,2.591,Friday
7/17/2010,2.591,Saturday
7/18/2010,2.591,Sunday
7/19/2010,2.584,Monday
7/20/2010,2.584,Tuesday
7/21/2010,2.584,Wednesday
7/22/2010,2.584,Thursday
7/23/2010,2.584,Friday
7/24/2010,2.584,Saturday
7/25/2010,2.584,Sunday
7/26/2010,2.613,Monday
7/27/2010,2.613,Tuesday
7/28/2010,2.613,Wednesday
7/29/2010,2.613,Thursday
7/30/2010,2.613,Friday
7/31/2010,2.613,Saturday
8/1/2010,2.613,Sunday
8/2/2010,2.62,Monday
8/3/2010,2.62,Tuesday
8/4/2010,2.62,Wednesday
8/5/2010,2.62,Thursday
8/6/2010,2.62,Friday
8/7/2010,2.62,Saturday
8/8/2010,2.62,Sunday
8/9/2010,2.669,Monday
8/10/2010,2.669,Tuesday
8/11/2010,2.669,Wednesday
8/12/2010,2.669,Thursday
8/13/2010,2.669,Friday
8/14/2010,2.669,Saturday
8/15/2010,2.669,Sunday
8/16/2010,2.634,Monday
8/17/2010,2.634,Tuesday
8/18/2010,2.634,Wednesday
8/19/2010,2.634,Thursday
8/20/2010,2.634,Friday
8/21/2010,2.634,Saturday
8/22/2010,2.634,Sunday
8/23/2010,2.581,Monday
8/24/2010,2.581,Tuesday
8/25/2010,2.581,Wednesday
8/26/2010,2.581,Thursday
8/27/2010,2.581,Friday
8/28/2010,2.581,Saturday
8/29/2010,2.581,Sunday
8/30/2010,2.527,Monday
8/31/2010,2.527,Tuesday
9/1/2010,2.527,Wednesday
9/2/2010,2.527,Thursday
9/3/2010,2.527,Friday
9/4/2010,2.527,Saturday
9/5/2010,2.527,Sunday
9/6/2010,2.533,Monday
9/7/2010,2.533,Tuesday
9/8/2010,2.533,Wednesday
9/9/2010,2.533,Thursday
9/10/2010,2.533,Friday
9/11/2010,2.533,Saturday
9/12/2010,2.533,Sunday
9/13/2010,2.563,Monday
9/14/2010,2.563,Tuesday
9/15/2010,2.563,Wednesday
9/16/2010,2.563,Thursday
9/17/2010,2.563,Friday
9/18/2010,2.563,Saturday
9/19/2010,2.563,Sunday
9/20/2010,2.599,Monday
9/21/2010,2.599,Tuesday
9/22/2010,2.599,Wednesday
9/23/2010,2.599,Thursday
9/24/2010,2.599,Friday
9/25/2010,2.599,Saturday
9/26/2010,2.599,Sunday
9/27/2010,2.591,Monday
9/28/2010,2.591,Tuesday
9/29/2010,2.591,Wednesday
9/30/2010,2.591,Thursday
10/1/2010,2.591,Friday
10/2/2010,2.591,Saturday
10/3/2010,2.591,Sunday
10/4/2010,2.641,Monday
10/5/2010,2.641,Tuesday
10/6/2010,2.641,Wednesday
10/7/2010,2.641,Thursday
10/8/2010,2.641,Friday
10/9/2010,2.641,Saturday
10/10/2010,2.641,Sunday
10/11/2010,2.708,Monday
10/12/2010,2.708,Tuesday
10/13/2010,2.708,Wednesday
10/14/2010,2.708,Thursday
10/15/2010,2.708,Friday
10/16/2010,2.708,Saturday
10/17/2010,2.708,Sunday
10/18/2010,2.735,Monday
10/19/2010,2.735,Tuesday
10/20/2010,2.735,Wednesday
10/21/2010,2.735,Thursday
10/22/2010,2.735,Friday
10/23/2010,2.735,Saturday
10/24/2010,2.735,Sunday
10/25/2010,2.734,Monday
10/26/2010,2.734,Tuesday
10/27/2010,2.734,Wednesday
10/28/2010,2.734,Thursday
10/29/2010,2.734,Friday
10/30/2010,2.734,Saturday
10/31/2010,2.734,Sunday
11/1/2010,2.716,Monday
11/2/2010,2.716,Tuesday
11/3/2010,2.716,Wednesday
11/4/2010,2.716,Thursday
11/5/2010,2.716,Friday
11/6/2010,2.716,Saturday
11/7/2010,2.716,Sunday
11/8/2010,2.745,Monday
11/9/2010,2.745,Tuesday
11/10/2010,2.745,Wednesday
11/11/2010,2.745,Thursday
11/12/2010,2.745,Friday
11/13/2010,2.745,Saturday
11/14/2010,2.745,Sunday
11/15/2010,2.797,Monday
11/16/2010,2.797,Tuesday
11/17/2010,2.797,Wednesday
11/18/2010,2.797,Thursday
11/19/2010,2.797,Friday
11/20/2010,2.797,Saturday
11/21/2010,2.797,Sunday
11/22/2010,2.796,Monday
11/23/2010,2.796,Tuesday
11/24/2010,2.796,Wednesday
11/25/2010,2.796,Thursday
11/26/2010,2.796,Friday
11/27/2010,2.796,Saturday
11/28/2010,2.796,Sunday
11/29/2010,2.785,Monday
11/30/2010,2.785,Tuesday
12/1/2010,2.785,Wednesday
12/2/2010,2.785,Thursday
12/3/2010,2.785,Friday
12/4/2010,2.785,Saturday
12/5/2010,2.785,Sunday
12/6/2010,2.885,Monday
12/7/2010,2.885,Tuesday
12/8/2010,2.885,Wednesday
12/9/2010,2.885,Thursday
12/10/2010,2.885,Friday
12/11/2010,2.885,Saturday
12/12/2010,2.885,Sunday
12/13/2010,2.924,Monday
12/14/2010,2.924,Tuesday
12/15/2010,2.924,Wednesday
12/16/2010,2.924,Thursday
12/17/2010,2.924,Friday
12/18/2010,2.924,Saturday
12/19/2010,2.924,Sunday
12/20/2010,2.935,Monday
12/21/2010,2.935,Tuesday
12/22/2010,2.935,Wednesday
12/23/2010,2.935,Thursday
12/24/2010,2.935,Friday
12/25/2010,2.935,Saturday
12/26/2010,2.935,Sunday
12/27/2010,2.996,Monday
12/28/2010,2.996,Tuesday
12/29/2010,2.996,Wednesday
12/30/2010,2.996,Thursday
12/31/2010,2.996,Friday
1/1/2011,2.996,Saturday
1/2/2011,2.996,Sunday
1/3/2011,3.014,Monday
1/4/2011,3.014,Tuesday
1/5/2011,3.014,Wednesday
1/6/2011,3.014,Thursday
1/7/2011,3.014,Friday
1/8/2011,3.014,Saturday
1/9/2011,3.014,Sunday
1/10/2011,3.02,Monday
1/11/2011,3.02,Tuesday
1/12/2011,3.02,Wednesday
1/13/2011,3.02,Thursday
1/14/2011,3.02,Friday
1/15/2011,3.02,Saturday
1/16/2011,3.02,Sunday
1/17/2011,3.035,Monday
1/18/2011,3.035,Tuesday
1/19/2011,3.035,Wednesday
1/20/2011,3.035,Thursday
1/21/2011,3.035,Friday
1/22/2011,3.035,Saturday
1/23/2011,3.035,Sunday
1/24/2011,3.04,Monday
1/25/2011,3.04,Tuesday
1/26/2011,3.04,Wednesday
1/27/2011,3.04,Thursday
1/28/2011,3.04,Friday
1/29/2011,3.04,Saturday
1/30/2011,3.04,Sunday
1/31/2011,3.027,Monday
2/1/2011,3.027,Tuesday
2/2/2011,3.027,Wednesday
2/3/2011,3.027,Thursday
2/4/2011,3.027,Friday
2/5/2011,3.027,Saturday
2/6/2011,3.027,Sunday
2/7/2011,3.038,Monday
2/8/2011,3.038,Tuesday
2/9/2011,3.038,Wednesday
2/10/2011,3.038,Thursday
2/11/2011,3.038,Friday
2/12/2011,3.038,Saturday
2/13/2011,3.038,Sunday
2/14/2011,3.045,Monday
2/15/2011,3.045,Tuesday
2/16/2011,3.045,Wednesday
2/17/2011,3.045,Thursday
2/18/2011,3.045,Friday
2/19/2011,3.045,Saturday
2/20/2011,3.045,Sunday
2/21/2011,3.091,Monday
2/22/2011,3.091,Tuesday
2/23/2011,3.091,Wednesday
2/24/2011,3.091,Thursday
2/25/2011,3.091,Friday
2/26/2011,3.091,Saturday
2/27/2011,3.091,Sunday
2/28/2011,3.296,Monday
3/1/2011,3.296,Tuesday
3/2/2011,3.296,Wednesday
3/3/2011,3.296,Thursday
3/4/2011,3.296,Friday
3/5/2011,3.296,Saturday
3/6/2011,3.296,Sunday
3/7/2011,3.443,Monday
3/8/2011,3.443,Tuesday
3/9/2011,3.443,Wednesday
3/10/2011,3.443,Thursday
3/11/2011,3.443,Friday
3/12/2011,3.443,Saturday
3/13/2011,3.443,Sunday
3/14/2011,3.513,Monday
3/15/2011,3.513,Tuesday
3/16/2011,3.513,Wednesday
3/17/2011,3.513,Thursday
3/18/2011,3.513,Friday
3/19/2011,3.513,Saturday
3/20/2011,3.513,Sunday
3/21/2011,3.507,Monday
3/22/2011,3.507,Tuesday
3/23/2011,3.507,Wednesday
3/24/2011,3.507,Thursday
3/25/2011,3.507,Friday
3/26/2011,3.507,Saturday
3/27/2011,3.507,Sunday
3/28/2011,3.543,Monday
3/29/2011,3.543,Tuesday
3/30/2011,3.543,Wednesday
3/31/2011,3.543,Thursday
4/1/2011,3.543,Friday
4/2/2011,3.543,Saturday
4/3/2011,3.543,Sunday
4/4/2011,3.616,Monday
4/5/2011,3.616,Tuesday
4/6/2011,3.616,Wednesday
4/7/2011,3.616,Thursday
4/8/2011,3.616,Friday
4/9/2011,3.616,Saturday
4/10/2011,3.616,Sunday
4/11/2011,3.754,Monday
4/12/2011,3.754,Tuesday
4/13/2011,3.754,Wednesday
4/14/2011,3.754,Thursday
4/15/2011,3.754,Friday
4/16/2011,3.754,Saturday
4/17/2011,3.754,Sunday
4/18/2011,3.817,Monday
4/19/2011,3.817,Tuesday
4/20/2011,3.817,Wednesday
4/21/2011,3.817,Thursday
4/22/2011,3.817,Friday
4/23/2011,3.817,Saturday
4/24/2011,3.817,Sunday
4/25/2011,3.878,Monday
4/26/2011,3.878,Tuesday
4/27/2011,3.878,Wednesday
4/28/2011,3.878,Thursday
4/29/2011,3.878,Friday
4/30/2011,3.878,Saturday
5/1/2011,3.878,Sunday
5/2/2011,3.946,Monday
5/3/2011,3.946,Tuesday
5/4/2011,3.946,Wednesday
5/5/2011,3.946,Thursday
5/6/2011,3.946,Friday
5/7/2011,3.946,Saturday
5/8/2011,3.946,Sunday
5/9/2011,3.949,Monday
5/10/2011,3.949,Tuesday
5/11/2011,3.949,Wednesday
5/12/2011,3.949,Thursday
5/13/2011,3.949,Friday
5/14/2011,3.949,Saturday
5/15/2011,3.949,Sunday
5/16/2011,3.96,Monday
5/17/2011,3.96,Tuesday
5/18/2011,3.96,Wednesday
5/19/2011,3.96,Thursday
5/20/2011,3.96,Friday
5/21/2011,3.96,Saturday
5/22/2011,3.96,Sunday
5/23/2011,3.862,Monday
5/24/2011,3.862,Tuesday
5/25/2011,3.862,Wednesday
5/26/2011,3.862,Thursday
5/27/2011,3.862,Friday
5/28/2011,3.862,Saturday
5/29/2011,3.862,Sunday
5/30/2011,3.769,Monday
5/31/2011,3.769,Tuesday
6/1/2011,3.769,Wednesday
6/2/2011,3.769,Thursday
6/3/2011,3.769,Friday
6/4/2011,3.769,Saturday
6/5/2011,3.769,Sunday
6/6/2011,3.722,Monday
6/7/2011,3.722,Tuesday
6/8/2011,3.722,Wednesday
6/9/2011,3.722,Thursday
6/10/2011,3.722,Friday
6/11/2011,3.722,Saturday
6/12/2011,3.722,Sunday
6/13/2011,3.664,Monday
6/14/2011,3.664,Tuesday
6/15/2011,3.664,Wednesday
6/16/2011,3.664,Thursday
6/17/2011,3.664,Friday
6/18/2011,3.664,Saturday
6/19/2011,3.664,Sunday
6/20/2011,3.632,Monday
6/21/2011,3.632,Tuesday
6/22/2011,3.632,Wednesday
6/23/2011,3.632,Thursday
6/24/2011,3.632,Friday
6/25/2011,3.632,Saturday
6/26/2011,3.632,Sunday
6/27/2011,3.55,Monday
6/28/2011,3.55,Tuesday
6/29/2011,3.55,Wednesday
6/30/2011,3.55,Thursday
7/1/2011,3.55,Friday
7/2/2011,3.55,Saturday
7/3/2011,3.55,Sunday
7/4/2011,3.507,Monday
7/5/2011,3.507,Tuesday
7/6/2011,3.507,Wednesday
7/7/2011,3.507,Thursday
7/8/2011,3.507,Friday
7/9/2011,3.507,Saturday
7/10/2011,3.507,Sunday
7/11/2011,3.609,Monday
7/12/2011,3.609,Tuesday
7/13/2011,3.609,Wednesday
7/14/2011,3.609,Thursday
7/15/2011,3.609,Friday
7/16/2011,3.609,Saturday
7/17/2011,3.609,Sunday
7/18/2011,3.669,Monday
7/19/2011,3.669,Tuesday
7/20/2011,3.669,Wednesday
7/21/2011,3.669,Thursday
7/22/2011,3.669,Friday
7/23/2011,3.669,Saturday
7/24/2011,3.669,Sunday
7/25/2011,3.696,Monday
7/26/2011,3.696,Tuesday
7/27/2011,3.696,Wednesday
7/28/2011,3.696,Thursday
7/29/2011,3.696,Friday
7/30/2011,3.696,Saturday
7/31/2011,3.696,Sunday
8/1/2011,3.7,Monday
8/2/2011,3.7,Tuesday
8/3/2011,3.7,Wednesday
8/4/2011,3.7,Thursday
8/5/2011,3.7,Friday
8/6/2011,3.7,Saturday
8/7/2011,3.7,Sunday
8/8/2011,3.632,Monday
8/9/2011,3.632,Tuesday
8/10/2011,3.632,Wednesday
8/11/2011,3.632,Thursday
8/12/2011,3.632,Friday
8/13/2011,3.632,Saturday
8/14/2011,3.632,Sunday
8/15/2011,3.552,Monday
8/16/2011,3.552,Tuesday
8/17/2011,3.552,Wednesday
8/18/2011,3.552,Thursday
8/19/2011,3.552,Friday
8/20/2011,3.552,Saturday
8/21/2011,3.552,Sunday
8/22/2011,3.521,Monday
8/23/2011,3.521,Tuesday
8/24/2011,3.521,Wednesday
8/25/2011,3.521,Thursday
8/26/2011,3.521,Friday
8/27/2011,3.521,Saturday
8/28/2011,3.521,Sunday
8/29/2011,3.529,Monday
8/30/2011,3.529,Tuesday
8/31/2011,3.529,Wednesday
9/1/2011,3.529,Thursday
9/2/2011,3.529,Friday
9/3/2011,3.529,Saturday
9/4/2011,3.529,Sunday
9/5/2011,3.539,Monday
9/6/2011,3.539,Tuesday
9/7/2011,3.539,Wednesday
9/8/2011,3.539,Thursday
9/9/2011,3.539,Friday
9/10/2011,3.539,Saturday
9/11/2011,3.539,Sunday
9/12/2011,3.539,Monday
9/13/2011,3.539,Tuesday
9/14/2011,3.539,Wednesday
9/15/2011,3.539,Thursday
9/16/2011,3.539,Friday
9/17/2011,3.539,Saturday
9/18/2011,3.539,Sunday
9/19/2011,3.479,Monday
9/20/2011,3.479,Tuesday
9/21/2011,3.479,Wednesday
9/22/2011,3.479,Thursday
9/23/2011,3.479,Friday
9/24/2011,3.479,Saturday
9/25/2011,3.479,Sunday
9/26/2011,3.39,Monday
9/27/2011,3.39,Tuesday
9/28/2011,3.39,Wednesday
9/29/2011,3.39,Thursday
9/30/2011,3.39,Friday
10/1/2011,3.39,Saturday
10/2/2011,3.39,Sunday
10/3/2011,3.311,Monday
10/4/2011,3.311,Tuesday
10/5/2011,3.311,Wednesday
10/6/2011,3.311,Thursday
10/7/2011,3.311,Friday
10/8/2011,3.311,Saturday
10/9/2011,3.311,Sunday
10/10/2011,3.289,Monday
10/11/2011,3.289,Tuesday
10/12/2011,3.289,Wednesday
10/13/2011,3.289,Thursday
10/14/2011,3.289,Friday
10/15/2011,3.289,Saturday
10/16/2011,3.289,Sunday
10/17/2011,3.362,Monday
10/18/2011,3.362,Tuesday
10/19/2011,3.362,Wednesday
10/20/2011,3.362,Thursday
10/21/2011,3.362,Friday
10/22/2011,3.362,Saturday
10/23/2011,3.362,Sunday
10/24/2011,3.366,Monday
10/25/2011,3.366,Tuesday
10/26/2011,3.366,Wednesday
10/27/2011,3.366,Thursday
10/28/2011,3.366,Friday
10/29/2011,3.366,Saturday
10/30/2011,3.366,Sunday
10/31/2011,3.348,Monday
11/1/2011,3.348,Tuesday
11/2/2011,3.348,Wednesday
11/3/2011,3.348,Thursday
11/4/2011,3.348,Friday
11/5/2011,3.348,Saturday
11/6/2011,3.348,Sunday
11/7/2011,3.317,Monday
11/8/2011,3.317,Tuesday
11/9/2011,3.317,Wednesday
11/10/2011,3.317,Thursday
11/11/2011,3.317,Friday
11/12/2011,3.317,Saturday
11/13/2011,3.317,Sunday
11/14/2011,3.342,Monday
11/15/2011,3.342,Tuesday
11/16/2011,3.342,Wednesday
11/17/2011,3.342,Thursday
11/18/2011,3.342,Friday
11/19/2011,3.342,Saturday
11/20/2011,3.342,Sunday
11/21/2011,3.302,Monday
11/22/2011,3.302,Tuesday
11/23/2011,3.302,Wednesday
11/24/2011,3.302,Thursday
11/25/2011,3.302,Friday
11/26/2011,3.302,Saturday
11/27/2011,3.302,Sunday
11/28/2011,3.25,Monday
11/29/2011,3.25,Tuesday
11/30/2011,3.25,Wednesday
12/1/2011,3.25,Thursday
12/2/2011,3.25,Friday
12/3/2011,3.25,Saturday
12/4/2011,3.25,Sunday
12/5/2011,3.227,Monday
12/6/2011,3.227,Tuesday
12/7/2011,3.227,Wednesday
12/8/2011,3.227,Thursday
12/9/2011,3.227,Friday
12/10/2011,3.227,Saturday
12/11/2011,3.227,Sunday
12/12/2011,3.223,Monday
12/13/2011,3.223,Tuesday
12/14/2011,3.223,Wednesday
12/15/2011,3.223,Thursday
12/16/2011,3.223,Friday
12/17/2011,3.223,Saturday
12/18/2011,3.223,Sunday
12/19/2011,3.178,Monday
12/20/2011,3.178,Tuesday
12/21/2011,3.178,Wednesday
12/22/2011,3.178,Thursday
12/23/2011,3.178,Friday
12/24/2011,3.178,Saturday
12/25/2011,3.178,Sunday
12/26/2011,3.169,Monday
12/27/2011,3.169,Tuesday
12/28/2011,3.169,Wednesday
12/29/2011,3.169,Thursday
12/30/2011,3.169,Friday
12/31/2011,3.169,Saturday
1/1/2012,3.169,Sunday
1/2/2012,3.214,Monday
1/3/2012,3.214,Tuesday
1/4/2012,3.214,Wednesday
1/5/2012,3.214,Thursday
1/6/2012,3.214,Friday
1/7/2012,3.214,Saturday
1/8/2012,3.214,Sunday
1/9/2012,3.275,Monday
1/10/2012,3.275,Tuesday
1/11/2012,3.275,Wednesday
1/12/2012,3.275,Thursday
1/13/2012,3.275,Friday
1/14/2012,3.275,Saturday
1/15/2012,3.275,Sunday
1/16/2012,3.296,Monday
1/17/2012,3.296,Tuesday
1/18/2012,3.296,Wednesday
1/19/2012,3.296,Thursday
1/20/2012,3.296,Friday
1/21/2012,3.296,Saturday
1/22/2012,3.296,Sunday
1/23/2012,3.325,Monday
1/24/2012,3.325,Tuesday
1/25/2012,3.325,Wednesday
1/26/2012,3.325,Thursday
1/27/2012,3.325,Friday
1/28/2012,3.325,Saturday
1/29/2012,3.325,Sunday
1/30/2012,3.372,Monday
1/31/2012,3.372,Tuesday
2/1/2012,3.372,Wednesday
2/2/2012,3.372,Thursday
2/3/2012,3.372,Friday
2/4/2012,3.372,Saturday
2/5/2012,3.372,Sunday
2/6/2012,3.405,Monday
2/7/2012,3.405,Tuesday
2/8/2012,3.405,Wednesday
2/9/2012,3.405,Thursday
2/10/2012,3.405,Friday
2/11/2012,3.405,Saturday
2/12/2012,3.405,Sunday
2/13/2012,3.53,Monday
2/14/2012,3.53,Tuesday
2/15/2012,3.53,Wednesday
2/16/2012,3.53,Thursday
2/17/2012,3.53,Friday
2/18/2012,3.53,Saturday
2/19/2012,3.53,Sunday
2/20/2012,3.572,Monday
2/21/2012,3.572,Tuesday
2/22/2012,3.572,Wednesday
2/23/2012,3.572,Thursday
2/24/2012,3.572,Friday
2/25/2012,3.572,Saturday
2/26/2012,3.572,Sunday
2/27/2012,3.631,Monday
2/28/2012,3.631,Tuesday
2/29/2012,3.631,Wednesday
3/1/2012,3.631,Thursday
3/2/2012,3.631,Friday
3/3/2012,3.631,Saturday
3/4/2012,3.631,Sunday
3/5/2012,3.668,Monday
3/6/2012,3.668,Tuesday
3/7/2012,3.668,Wednesday
3/8/2012,3.668,Thursday
3/9/2012,3.668,Friday
3/10/2012,3.668,Saturday
3/11/2012,3.668,Sunday
3/12/2012,3.745,Monday
3/13/2012,3.745,Tuesday
3/14/2012,3.745,Wednesday
3/15/2012,3.745,Thursday
3/16/2012,3.745,Friday
3/17/2012,3.745,Saturday
3/18/2012,3.745,Sunday
3/19/2012,3.836,Monday
3/20/2012,3.836,Tuesday
3/21/2012,3.836,Wednesday
3/22/2012,3.836,Thursday
3/23/2012,3.836,Friday
3/24/2012,3.836,Saturday
3/25/2012,3.836,Sunday
3/26/2012,3.928,Monday
3/27/2012,3.928,Tuesday
3/28/2012,3.928,Wednesday
3/29/2012,3.928,Thursday
3/30/2012,3.928,Friday
3/31/2012,3.928,Saturday
4/1/2012,3.928,Sunday
4/2/2012,3.977,Monday
4/3/2012,3.977,Tuesday
4/4/2012,3.977,Wednesday
4/5/2012,3.977,Thursday
4/6/2012,3.977,Friday
4/7/2012,3.977,Saturday
4/8/2012,3.977,Sunday
4/9/2012,3.989,Monday
4/10/2012,3.989,Tuesday
4/11/2012,3.989,Wednesday
4/12/2012,3.989,Thursday
4/13/2012,3.989,Friday
4/14/2012,3.989,Saturday
4/15/2012,3.989,Sunday
4/16/2012,3.962,Monday
4/17/2012,3.962,Tuesday
4/18/2012,3.962,Wednesday
4/19/2012,3.962,Thursday
4/20/2012,3.962,Friday
4/21/2012,3.962,Saturday
4/22/2012,3.962,Sunday
4/23/2012,3.901,Monday
4/24/2012,3.901,Tuesday
4/25/2012,3.901,Wednesday
4/26/2012,3.901,Thursday
4/27/2012,3.901,Friday
4/28/2012,3.901,Saturday
4/29/2012,3.901,Sunday
4/30/2012,3.818,Monday
5/1/2012,3.818,Tuesday
5/2/2012,3.818,Wednesday
5/3/2012,3.818,Thursday
5/4/2012,3.818,Friday
5/5/2012,3.818,Saturday
5/6/2012,3.818,Sunday
5/7/2012,3.739,Monday
5/8/2012,3.739,Tuesday
5/9/2012,3.739,Wednesday
5/10/2012,3.739,Thursday
5/11/2012,3.739,Friday
5/12/2012,3.739,Saturday
5/13/2012,3.739,Sunday
5/14/2012,3.666,Monday
5/15/2012,3.666,Tuesday
5/16/2012,3.666,Wednesday
5/17/2012,3.666,Thursday
5/18/2012,3.666,Friday
5/19/2012,3.666,Saturday
5/20/2012,3.666,Sunday
5/21/2012,3.593,Monday
5/22/2012,3.593,Tuesday
5/23/2012,3.593,Wednesday
5/24/2012,3.593,Thursday
5/25/2012,3.593,Friday
5/26/2012,3.593,Saturday
5/27/2012,3.593,Sunday
5/28/2012,3.529,Monday
5/29/2012,3.529,Tuesday
5/30/2012,3.529,Wednesday
5/31/2012,3.529,Thursday
6/1/2012,3.529,Friday
6/2/2012,3.529,Saturday
6/3/2012,3.529,Sunday
6/4/2012,3.468,Monday
6/5/2012,3.468,Tuesday
6/6/2012,3.468,Wednesday
6/7/2012,3.468,Thursday
6/8/2012,3.468,Friday
6/9/2012,3.468,Saturday
6/10/2012,3.468,Sunday
6/11/2012,3.391,Monday
6/12/2012,3.391,Tuesday
6/13/2012,3.391,Wednesday
6/14/2012,3.391,Thursday
6/15/2012,3.391,Friday
6/16/2012,3.391,Saturday
6/17/2012,3.391,Sunday
6/18/2012,3.342,Monday
6/19/2012,3.342,Tuesday
6/20/2012,3.342,Wednesday
6/21/2012,3.342,Thursday
6/22/2012,3.342,Friday
6/23/2012,3.342,Saturday
6/24/2012,3.342,Sunday
6/25/2012,3.291,Monday
6/26/2012,3.291,Tuesday
6/27/2012,3.291,Wednesday
6/28/2012,3.291,Thursday
6/29/2012,3.291,Friday
6/30/2012,3.291,Saturday
7/1/2012,3.291,Sunday
7/2/2012,3.245,Monday
7/3/2012,3.245,Tuesday
7/4/2012,3.245,Wednesday
7/5/2012,3.245,Thursday
7/6/2012,3.245,Friday
7/7/2012,3.245,Saturday
7/8/2012,3.245,Sunday
7/9/2012,3.309,Monday
7/10/2012,3.309,Tuesday
7/11/2012,3.309,Wednesday
7/12/2012,3.309,Thursday
7/13/2012,3.309,Friday
7/14/2012,3.309,Saturday
7/15/2012,3.309,Sunday
7/16/2012,3.347,Monday
7/17/2012,3.347,Tuesday
7/18/2012,3.347,Wednesday
7/19/2012,3.347,Thursday
7/20/2012,3.347,Friday
7/21/2012,3.347,Saturday
7/22/2012,3.347,Sunday
7/23/2012,3.421,Monday
7/24/2012,3.421,Tuesday
7/25/2012,3.421,Wednesday
7/26/2012,3.421,Thursday
7/27/2012,3.421,Friday
7/28/2012,3.421,Saturday
7/29/2012,3.421,Sunday
7/30/2012,3.445,Monday
7/31/2012,3.445,Tuesday
8/1/2012,3.445,Wednesday
8/2/2012,3.445,Thursday
8/3/2012,3.445,Friday
8/4/2012,3.445,Saturday
8/5/2012,3.445,Sunday
8/6/2012,3.525,Monday
8/7/2012,3.525,Tuesday
8/8/2012,3.525,Wednesday
8/9/2012,3.525,Thursday
8/10/2012,3.525,Friday
8/11/2012,3.525,Saturday
8/12/2012,3.525,Sunday
8/13/2012,3.633,Monday
8/14/2012,3.633,Tuesday
8/15/2012,3.633,Wednesday
8/16/2012,3.633,Thursday
8/17/2012,3.633,Friday
8/18/2012,3.633,Saturday
8/19/2012,3.633,Sunday
8/20/2012,3.638,Monday
8/21/2012,3.638,Tuesday
8/22/2012,3.638,Wednesday
8/23/2012,3.638,Thursday
8/24/2012,3.638,Friday
8/25/2012,3.638,Saturday
8/26/2012,3.638,Sunday
8/27/2012,3.652,Monday
8/28/2012,3.652,Tuesday
8/29/2012,3.652,Wednesday
8/30/2012,3.652,Thursday
8/31/2012,3.652,Friday
9/1/2012,3.652,Saturday
9/2/2012,3.652,Sunday
9/3/2012,3.709,Monday
9/4/2012,3.709,Tuesday
9/5/2012,3.709,Wednesday
9/6/2012,3.709,Thursday
9/7/2012,3.709,Friday
9/8/2012,3.709,Saturday
9/9/2012,3.709,Sunday
9/10/2012,3.713,Monday
9/11/2012,3.713,Tuesday
9/12/2012,3.713,Wednesday
9/13/2012,3.713,Thursday
9/14/2012,3.713,Friday
9/15/2012,3.713,Saturday
9/16/2012,3.713,Sunday
9/17/2012,3.751,Monday
9/18/2012,3.751,Tuesday
9/19/2012,3.751,Wednesday
9/20/2012,3.751,Thursday
9/21/2012,3.751,Friday
9/22/2012,3.751,Saturday
9/23/2012,3.751,Sunday
9/24/2012,3.704,Monday
9/25/2012,3.704,Tuesday
9/26/2012,3.704,Wednesday
9/27/2012,3.704,Thursday
9/28/2012,3.704,Friday
9/29/2012,3.704,Saturday
9/30/2012,3.704,Sunday
10/1/2012,3.646,Monday
10/2/2012,3.646,Tuesday
10/3/2012,3.646,Wednesday
10/4/2012,3.646,Thursday
10/5/2012,3.646,Friday
10/6/2012,3.646,Saturday
10/7/2012,3.646,Sunday
10/8/2012,3.633,Monday
10/9/2012,3.633,Tuesday
10/10/2012,3.633,Wednesday
10/11/2012,3.633,Thursday
10/12/2012,3.633,Friday
10/13/2012,3.633,Saturday
10/14/2012,3.633,Sunday
10/15/2012,3.612,Monday
10/16/2012,3.612,Tuesday
10/17/2012,3.612,Wednesday
10/18/2012,3.612,Thursday
10/19/2012,3.612,Friday
10/20/2012,3.612,Saturday
10/21/2012,3.612,Sunday
10/22/2012,3.536,Monday
10/23/2012,3.536,Tuesday
10/24/2012,3.536,Wednesday
10/25/2012,3.536,Thursday
10/26/2012,3.536,Friday
10/27/2012,3.536,Saturday
10/28/2012,3.536,Sunday
10/29/2012,3.44,Monday
10/30/2012,3.44,Tuesday
10/31/2012,3.44,Wednesday
11/1/2012,3.44,Thursday
11/2/2012,3.44,Friday
11/3/2012,3.44,Saturday
11/4/2012,3.44,Sunday
11/5/2012,3.381,Monday
11/6/2012,3.381,Tuesday
11/7/2012,3.381,Wednesday
11/8/2012,3.381,Thursday
11/9/2012,3.381,Friday
11/10/2012,3.381,Saturday
11/11/2012,3.381,Sunday
11/12/2012,3.317,Monday
11/13/2012,3.317,Tuesday
11/14/2012,3.317,Wednesday
11/15/2012,3.317,Thursday
11/16/2012,3.317,Friday
11/17/2012,3.317,Saturday
11/18/2012,3.317,Sunday
11/19/2012,3.27,Monday
11/20/2012,3.27,Tuesday
11/21/2012,3.27,Wednesday
11/22/2012,3.27,Thursday
11/23/2012,3.27,Friday
11/24/2012,3.27,Saturday
11/25/2012,3.27,Sunday
11/26/2012,3.267,Monday
11/27/2012,3.267,Tuesday
11/28/2012,3.267,Wednesday
11/29/2012,3.267,Thursday
11/30/2012,3.267,Friday
12/1/2012,3.267,Saturday
12/2/2012,3.267,Sunday
12/3/2012,3.249,Monday
12/4/2012,3.249,Tuesday
12/5/2012,3.249,Wednesday
12/6/2012,3.249,Thursday
12/7/2012,3.249,Friday
12/8/2012,3.249,Saturday
12/9/2012,3.249,Sunday
12/10/2012,3.224,Monday
12/11/2012,3.224,Tuesday
12/12/2012,3.224,Wednesday
12/13/2012,3.224,Thursday
12/14/2012,3.224,Friday
12/15/2012,3.224,Saturday
12/16/2012,3.224,Sunday
12/17/2012,3.157,Monday
12/18/2012,3.157,Tuesday
12/19/2012,3.157,Wednesday
12/20/2012,3.157,Thursday
12/21/2012,3.157,Friday
12/22/2012,3.157,Saturday
12/23/2012,3.157,Sunday
12/24/2012,3.195,Monday
12/25/2012,3.195,Tuesday
12/26/2012,3.195,Wednesday
12/27/2012,3.195,Thursday
12/28/2012,3.195,Friday
12/29/2012,3.195,Saturday
12/30/2012,3.195,Sunday
12/31/2012,3.276,Monday
1/1/2013,3.276,Tuesday
1/2/2013,3.276,Wednesday
1/3/2013,3.276,Thursday
1/4/2013,3.276,Friday
1/5/2013,3.276,Saturday
1/6/2013,3.276,Sunday
1/7/2013,3.329,Monday
1/8/2013,3.329,Tuesday
1/9/2013,3.329,Wednesday
1/10/2013,3.329,Thursday
1/11/2013,3.329,Friday
1/12/2013,3.329,Saturday
1/13/2013,3.329,Sunday
1/14/2013,3.333,Monday
1/15/2013,3.333,Tuesday
1/16/2013,3.333,Wednesday
1/17/2013,3.333,Thursday
1/18/2013,3.333,Friday
1/19/2013,3.333,Saturday
1/20/2013,3.333,Sunday
1/21/2013,3.303,Monday
1/22/2013,3.303,Tuesday
1/23/2013,3.303,Wednesday
1/24/2013,3.303,Thursday
1/25/2013,3.303,Friday
1/26/2013,3.303,Saturday
1/27/2013,3.303,Sunday
1/28/2013,3.305,Monday
1/29/2013,3.305,Tuesday
1/30/2013,3.305,Wednesday
1/31/2013,3.305,Thursday
2/1/2013,3.305,Friday
2/2/2013,3.305,Saturday
2/3/2013,3.305,Sunday
2/4/2013,3.48,Monday
2/5/2013,3.48,Tuesday
2/6/2013,3.48,Wednesday
2/7/2013,3.48,Thursday
2/8/2013,3.48,Friday
2/9/2013,3.48,Saturday
2/10/2013,3.48,Sunday
2/11/2013,3.543,Monday
2/12/2013,3.543,Tuesday
2/13/2013,3.543,Wednesday
2/14/2013,3.543,Thursday
2/15/2013,3.543,Friday
2/16/2013,3.543,Saturday
2/17/2013,3.543,Sunday
2/18/2013,3.654,Monday
2/19/2013,3.654,Tuesday
2/20/2013,3.654,Wednesday
2/21/2013,3.654,Thursday
2/22/2013,3.654,Friday
2/23/2013,3.654,Saturday
2/24/2013,3.654,Sunday
2/25/2013,3.733,Monday
2/26/2013,3.733,Tuesday
2/27/2013,3.733,Wednesday
2/28/2013,3.733,Thursday
3/1/2013,3.733,Friday
3/2/2013,3.733,Saturday
3/3/2013,3.733,Sunday
3/4/2013,3.688,Monday
3/5/2013,3.688,Tuesday
3/6/2013,3.688,Wednesday
3/7/2013,3.688,Thursday
3/8/2013,3.688,Friday
3/9/2013,3.688,Saturday
3/10/2013,3.688,Sunday
3/11/2013,3.643,Monday
3/12/2013,3.643,Tuesday
3/13/2013,3.643,Wednesday
3/14/2013,3.643,Thursday
3/15/2013,3.643,Friday
3/16/2013,3.643,Saturday
3/17/2013,3.643,Sunday
3/18/2013,3.638,Monday
3/19/2013,3.638,Tuesday
3/20/2013,3.638,Wednesday
3/21/2013,3.638,Thursday
3/22/2013,3.638,Friday
3/23/2013,3.638,Saturday
3/24/2013,3.638,Sunday
3/25/2013,3.631,Monday
3/26/2013,3.631,Tuesday
3/27/2013,3.631,Wednesday
3/28/2013,3.631,Thursday
3/29/2013,3.631,Friday
3/30/2013,3.631,Saturday
3/31/2013,3.631,Sunday
4/1/2013,3.636,Monday
4/2/2013,3.636,Tuesday
4/3/2013,3.636,Wednesday
4/4/2013,3.636,Thursday
4/5/2013,3.636,Friday
4/6/2013,3.636,Saturday
4/7/2013,3.636,Sunday
4/8/2013,3.595,Monday
4/9/2013,3.595,Tuesday
4/10/2013,3.595,Wednesday
4/11/2013,3.595,Thursday
4/12/2013,3.595,Friday
4/13/2013,3.595,Saturday
4/14/2013,3.595,Sunday
4/15/2013,3.53,Monday
4/16/2013,3.53,Tuesday
4/17/2013,3.53,Wednesday
4/18/2013,3.53,Thursday
4/19/2013,3.53,Friday
4/20/2013,3.53,Saturday
4/21/2013,3.53,Sunday
4/22/2013,3.496,Monday
4/23/2013,3.496,Tuesday
4/24/2013,3.496,Wednesday
4/25/2013,3.496,Thursday
4/26/2013,3.496,Friday
4/27/2013,3.496,Saturday
4/28/2013,3.496,Sunday
4/29/2013,3.456,Monday
4/30/2013,3.456,Tuesday
5/1/2013,3.456,Wednesday
5/2/2013,3.456,Thursday
5/3/2013,3.456,Friday
5/4/2013,3.456,Saturday
5/5/2013,3.456,Sunday
5/6/2013,3.446,Monday
5/7/2013,3.446,Tuesday
5/8/2013,3.446,Wednesday
5/9/2013,3.446,Thursday
5/10/2013,3.446,Friday
5/11/2013,3.446,Saturday
5/12/2013,3.446,Sunday
5/13/2013,3.456,Monday
5/14/2013,3.456,Tuesday
5/15/2013,3.456,Wednesday
5/16/2013,3.456,Thursday
5/17/2013,3.456,Friday
5/18/2013,3.456,Saturday
5/19/2013,3.456,Sunday
5/20/2013,3.491,Monday
5/21/2013,3.491,Tuesday
5/22/2013,3.491,Wednesday
5/23/2013,3.491,Thursday
5/24/2013,3.491,Friday
5/25/2013,3.491,Saturday
5/26/2013,3.491,Sunday
5/27/2013,3.479,Monday
5/28/2013,3.479,Tuesday
5/29/2013,3.479,Wednesday
5/30/2013,3.479,Thursday
5/31/2013,3.479,Friday
6/1/2013,3.479,Saturday
6/2/2013,3.479,Sunday
6/3/2013,3.464,Monday
6/4/2013,3.464,Tuesday
6/5/2013,3.464,Wednesday
6/6/2013,3.464,Thursday
6/7/2013,3.464,Friday
6/8/2013,3.464,Saturday
6/9/2013,3.464,Sunday
6/10/2013,3.461,Monday
6/11/2013,3.461,Tuesday
6/12/2013,3.461,Wednesday
6/13/2013,3.461,Thursday
6/14/2013,3.461,Friday
6/15/2013,3.461,Saturday
6/16/2013,3.461,Sunday
6/17/2013,3.485,Monday
6/18/2013,3.485,Tuesday
6/19/2013,3.485,Wednesday
6/20/2013,3.485,Thursday
6/21/2013,3.485,Friday
6/22/2013,3.485,Saturday
6/23/2013,3.485,Sunday
6/24/2013,3.485,Monday
6/25/2013,3.485,Tuesday
6/26/2013,3.485,Wednesday
6/27/2013,3.485,Thursday
6/28/2013,3.485,Friday
6/29/2013,3.485,Saturday
6/30/2013,3.485,Sunday
7/1/2013,3.442,Monday
7/2/2013,3.442,Tuesday
7/3/2013,3.442,Wednesday
7/4/2013,3.442,Thursday
7/5/2013,3.442,Friday
7/6/2013,3.442,Saturday
7/7/2013,3.442,Sunday
7/8/2013,3.423,Monday
7/9/2013,3.423,Tuesday
7/10/2013,3.423,Wednesday
7/11/2013,3.423,Thursday
7/12/2013,3.423,Friday
7/13/2013,3.423,Saturday
7/14/2013,3.423,Sunday
7/15/2013,3.549,Monday
7/16/2013,3.549,Tuesday
7/17/2013,3.549,Wednesday
7/18/2013,3.549,Thursday
7/19/2013,3.549,Friday
7/20/2013,3.549,Saturday
7/21/2013,3.549,Sunday
7/22/2013,3.616,Monday
7/23/2013,3.616,Tuesday
7/24/2013,3.616,Wednesday
7/25/2013,3.616,Thursday
7/26/2013,3.616,Friday
7/27/2013,3.616,Saturday
7/28/2013,3.616,Sunday
7/29/2013,3.599,Monday
7/30/2013,3.599,Tuesday
7/31/2013,3.599,Wednesday
8/1/2013,3.599,Thursday
8/2/2013,3.599,Friday
8/3/2013,3.599,Saturday
8/4/2013,3.599,Sunday
8/5/2013,3.556,Monday
8/6/2013,3.556,Tuesday
8/7/2013,3.556,Wednesday
8/8/2013,3.556,Thursday
8/9/2013,3.556,Friday
8/10/2013,3.556,Saturday
8/11/2013,3.556,Sunday
8/12/2013,3.484,Monday
8/13/2013,3.484,Tuesday
8/14/2013,3.484,Wednesday
8/15/2013,3.484,Thursday
8/16/2013,3.484,Friday
8/17/2013,3.484,Saturday
8/18/2013,3.484,Sunday
8/19/2013,3.466,Monday
8/20/2013,3.466,Tuesday
8/21/2013,3.466,Wednesday
8/22/2013,3.466,Thursday
8/23/2013,3.466,Friday
8/24/2013,3.466,Saturday
8/25/2013,3.466,Sunday
8/26/2013,3.451,Monday
8/27/2013,3.451,Tuesday
8/28/2013,3.451,Wednesday
8/29/2013,3.451,Thursday
8/30/2013,3.451,Friday
8/31/2013,3.451,Saturday
9/1/2013,3.451,Sunday
9/2/2013,3.441,Monday
9/3/2013,3.441,Tuesday
9/4/2013,3.441,Wednesday
9/5/2013,3.441,Thursday
9/6/2013,3.441,Friday
9/7/2013,3.441,Saturday
9/8/2013,3.441,Sunday
9/9/2013,3.395,Monday
9/10/2013,3.395,Tuesday
9/11/2013,3.395,Wednesday
9/12/2013,3.395,Thursday
9/13/2013,3.395,Friday
9/14/2013,3.395,Saturday
9/15/2013,3.395,Sunday
9/16/2013,3.339,Monday
9/17/2013,3.339,Tuesday
9/18/2013,3.339,Wednesday
9/19/2013,3.339,Thursday
9/20/2013,3.339,Friday
9/21/2013,3.339,Saturday
9/22/2013,3.339,Sunday
9/23/2013,3.277,Monday
9/24/2013,3.277,Tuesday
9/25/2013,3.277,Wednesday
9/26/2013,3.277,Thursday
9/27/2013,3.277,Friday
9/28/2013,3.277,Saturday
9/29/2013,3.277,Sunday
9/30/2013,3.205,Monday
10/1/2013,3.205,Tuesday
10/2/2013,3.205,Wednesday
10/3/2013,3.205,Thursday
10/4/2013,3.205,Friday
10/5/2013,3.205,Saturday
10/6/2013,3.205,Sunday
10/7/2013,3.184,Monday
10/8/2013,3.184,Tuesday
10/9/2013,3.184,Wednesday
10/10/2013,3.184,Thursday
10/11/2013,3.184,Friday
10/12/2013,3.184,Saturday
10/13/2013,3.184,Sunday
10/14/2013,3.227,Monday
10/15/2013,3.227,Tuesday
10/16/2013,3.227,Wednesday
10/17/2013,3.227,Thursday
10/18/2013,3.227,Friday
10/19/2013,3.227,Saturday
10/20/2013,3.227,Sunday
10/21/2013,3.215,Monday
10/22/2013,3.215,Tuesday
10/23/2013,3.215,Wednesday
10/24/2013,3.215,Thursday
10/25/2013,3.215,Friday
10/26/2013,3.215,Saturday
10/27/2013,3.215,Sunday
10/28/2013,3.17,Monday
10/29/2013,3.17,Tuesday
10/30/2013,3.17,Wednesday
10/31/2013,3.17,Thursday
11/1/2013,3.17,Friday
11/2/2013,3.17,Saturday
11/3/2013,3.17,Sunday
11/4/2013,3.146,Monday
11/5/2013,3.146,Tuesday
11/6/2013,3.146,Wednesday
11/7/2013,3.146,Thursday
11/8/2013,3.146,Friday
11/9/2013,3.146,Saturday
11/10/2013,3.146,Sunday
11/11/2013,3.093,Monday
11/12/2013,3.093,Tuesday
11/13/2013,3.093,Wednesday
11/14/2013,3.093,Thursday
11/15/2013,3.093,Friday
11/16/2013,3.093,Saturday
11/17/2013,3.093,Sunday
11/18/2013,3.176,Monday
11/19/2013,3.176,Tuesday
11/20/2013,3.176,Wednesday
11/21/2013,3.176,Thursday
11/22/2013,3.176,Friday
11/23/2013,3.176,Saturday
11/24/2013,3.176,Sunday
11/25/2013,3.311,Monday
11/26/2013,3.311,Tuesday
11/27/2013,3.311,Wednesday
11/28/2013,3.311,Thursday
11/29/2013,3.311,Friday
11/30/2013,3.311,Saturday
12/1/2013,3.311,Sunday
12/2/2013,3.301,Monday
12/3/2013,3.301,Tuesday
12/4/2013,3.301,Wednesday
12/5/2013,3.301,Thursday
12/6/2013,3.301,Friday
12/7/2013,3.301,Saturday
12/8/2013,3.301,Sunday
12/9/2013,3.27,Monday
12/10/2013,3.27,Tuesday
12/11/2013,3.27,Wednesday
12/12/2013,3.27,Thursday
12/13/2013,3.27,Friday
12/14/2013,3.27,Saturday
12/15/2013,3.27,Sunday
12/16/2013,3.235,Monday
12/17/2013,3.235,Tuesday
12/18/2013,3.235,Wednesday
12/19/2013,3.235,Thursday
12/20/2013,3.235,Friday
12/21/2013,3.235,Saturday
12/22/2013,3.235,Sunday
12/23/2013,3.266,Monday
12/24/2013,3.266,Tuesday
12/25/2013,3.266,Wednesday
12/26/2013,3.266,Thursday
12/27/2013,3.266,Friday
12/28/2013,3.266,Saturday
12/29/2013,3.266,Sunday
12/30/2013,3.323,Monday
12/31/2013,3.323,Tuesday
1/1/2014,3.323,Wednesday
1/2/2014,3.323,Thursday
1/3/2014,3.323,Friday
1/4/2014,3.323,Saturday
1/5/2014,3.323,Sunday
1/6/2014,3.309,Monday
1/7/2014,3.309,Tuesday
1/8/2014,3.309,Wednesday
1/9/2014,3.309,Thursday
1/10/2014,3.309,Friday
1/11/2014,3.309,Saturday
1/12/2014,3.309,Sunday
1/13/2014,3.28,Monday
1/14/2014,3.28,Tuesday
1/15/2014,3.28,Wednesday
1/16/2014,3.28,Thursday
1/17/2014,3.28,Friday
1/18/2014,3.28,Saturday
1/19/2014,3.28,Sunday
1/20/2014,3.249,Monday
1/21/2014,3.249,Tuesday
1/22/2014,3.249,Wednesday
1/23/2014,3.249,Thursday
1/24/2014,3.249,Friday
1/25/2014,3.249,Saturday
1/26/2014,3.249,Sunday
1/27/2014,3.226,Monday
1/28/2014,3.226,Tuesday
1/29/2014,3.226,Wednesday
1/30/2014,3.226,Thursday
1/31/2014,3.226,Friday
2/1/2014,3.226,Saturday
2/2/2014,3.226,Sunday
2/3/2014,3.21,Monday
2/4/2014,3.21,Tuesday
2/5/2014,3.21,Wednesday
2/6/2014,3.21,Thursday
2/7/2014,3.21,Friday
2/8/2014,3.21,Saturday
2/9/2014,3.21,Sunday
2/10/2014,3.194,Monday
2/11/2014,3.194,Tuesday
2/12/2014,3.194,Wednesday
2/13/2014,3.194,Thursday
2/14/2014,3.194,Friday
2/15/2014,3.194,Saturday
2/16/2014,3.194,Sunday
2/17/2014,3.244,Monday
2/18/2014,3.244,Tuesday
2/19/2014,3.244,Wednesday
2/20/2014,3.244,Thursday
2/21/2014,3.244,Friday
2/22/2014,3.244,Saturday
2/23/2014,3.244,Sunday
2/24/2014,3.286,Monday
2/25/2014,3.286,Tuesday
2/26/2014,3.286,Wednesday
2/27/2014,3.286,Thursday
2/28/2014,3.286,Friday
3/1/2014,3.286,Saturday
3/2/2014,3.286,Sunday
3/3/2014,3.3,Monday
3/4/2014,3.3,Tuesday
3/5/2014,3.3,Wednesday
3/6/2014,3.3,Thursday
3/7/2014,3.3,Friday
3/8/2014,3.3,Saturday
3/9/2014,3.3,Sunday
3/10/2014,3.337,Monday
3/11/2014,3.337,Tuesday
3/12/2014,3.337,Wednesday
3/13/2014,3.337,Thursday
3/14/2014,3.337,Friday
3/15/2014,3.337,Saturday
3/16/2014,3.337,Sunday
3/17/2014,3.391,Monday
3/18/2014,3.391,Tuesday
3/19/2014,3.391,Wednesday
3/20/2014,3.391,Thursday
3/21/2014,3.391,Friday
3/22/2014,3.391,Saturday
3/23/2014,3.391,Sunday
3/24/2014,3.432,Monday
3/25/2014,3.432,Tuesday
3/26/2014,3.432,Wednesday
3/27/2014,3.432,Thursday
3/28/2014,3.432,Friday
3/29/2014,3.432,Saturday
3/30/2014,3.432,Sunday
3/31/2014,3.493,Monday
4/1/2014,3.493,Tuesday
4/2/2014,3.493,Wednesday
4/3/2014,3.493,Thursday
4/4/2014,3.493,Friday
4/5/2014,3.493,Saturday
4/6/2014,3.493,Sunday
4/7/2014,3.536,Monday
4/8/2014,3.536,Tuesday
4/9/2014,3.536,Wednesday
4/10/2014,3.536,Thursday
4/11/2014,3.536,Friday
4/12/2014,3.536,Saturday
4/13/2014,3.536,Sunday
4/14/2014,3.555,Monday
4/15/2014,3.555,Tuesday
4/16/2014,3.555,Wednesday
4/17/2014,3.555,Thursday
4/18/2014,3.555,Friday
4/19/2014,3.555,Saturday
4/20/2014,3.555,Sunday
4/21/2014,3.566,Monday
4/22/2014,3.566,Tuesday
4/23/2014,3.566,Wednesday
4/24/2014,3.566,Thursday
4/25/2014,3.566,Friday
4/26/2014,3.566,Saturday
4/27/2014,3.566,Sunday
4/28/2014,3.595,Monday
4/29/2014,3.595,Tuesday
4/30/2014,3.595,Wednesday
5/1/2014,3.595,Thursday
5/2/2014,3.595,Friday
5/3/2014,3.595,Saturday
5/4/2014,3.595,Sunday
5/5/2014,3.573,Monday
5/6/2014,3.573,Tuesday
5/7/2014,3.573,Wednesday
5/8/2014,3.573,Thursday
5/9/2014,3.573,Friday
5/10/2014,3.573,Saturday
5/11/2014,3.573,Sunday
5/12/2014,3.533,Monday
5/13/2014,3.533,Tuesday
5/14/2014,3.533,Wednesday
5/15/2014,3.533,Thursday
5/16/2014,3.533,Friday
5/17/2014,3.533,Saturday
5/18/2014,3.533,Sunday
5/19/2014,3.527,Monday
5/20/2014,3.527,Tuesday
5/21/2014,3.527,Wednesday
5/22/2014,3.527,Thursday
5/23/2014,3.527,Friday
5/24/2014,3.527,Saturday
5/25/2014,3.527,Sunday
5/26/2014,3.556,Monday
5/27/2014,3.556,Tuesday
5/28/2014,3.556,Wednesday
5/29/2014,3.556,Thursday
5/30/2014,3.556,Friday
5/31/2014,3.556,Saturday
6/1/2014,3.556,Sunday
6/2/2014,3.557,Monday
6/3/2014,3.557,Tuesday
6/4/2014,3.557,Wednesday
6/5/2014,3.557,Thursday
6/6/2014,3.557,Friday
6/7/2014,3.557,Saturday
6/8/2014,3.557,Sunday
6/9/2014,3.54,Monday
6/10/2014,3.54,Tuesday
6/11/2014,3.54,Wednesday
6/12/2014,3.54,Thursday
6/13/2014,3.54,Friday
6/14/2014,3.54,Saturday
6/15/2014,3.54,Sunday
6/16/2014,3.564,Monday
6/17/2014,3.564,Tuesday
6/18/2014,3.564,Wednesday
6/19/2014,3.564,Thursday
6/20/2014,3.564,Friday
6/21/2014,3.564,Saturday
6/22/2014,3.564,Sunday
6/23/2014,3.593,Monday
6/24/2014,3.593,Tuesday
6/25/2014,3.593,Wednesday
6/26/2014,3.593,Thursday
6/27/2014,3.593,Friday
6/28/2014,3.593,Saturday
6/29/2014,3.593,Sunday
6/30/2014,3.602,Monday
7/1/2014,3.602,Tuesday
7/2/2014,3.602,Wednesday
7/3/2014,3.602,Thursday
7/4/2014,3.602,Friday
7/5/2014,3.602,Saturday
7/6/2014,3.602,Sunday
7/7/2014,3.574,Monday
7/8/2014,3.574,Tuesday
7/9/2014,3.574,Wednesday
7/10/2014,3.574,Thursday
7/11/2014,3.574,Friday
7/12/2014,3.574,Saturday
7/13/2014,3.574,Sunday
7/14/2014,3.532,Monday
7/15/2014,3.532,Tuesday
7/16/2014,3.532,Wednesday
7/17/2014,3.532,Thursday
7/18/2014,3.532,Friday
7/19/2014,3.532,Saturday
7/20/2014,3.532,Sunday
7/21/2014,3.485,Monday
7/22/2014,3.485,Tuesday
7/23/2014,3.485,Wednesday
7/24/2014,3.485,Thursday
7/25/2014,3.485,Friday
7/26/2014,3.485,Saturday
7/27/2014,3.485,Sunday
7/28/2014,3.439,Monday
7/29/2014,3.439,Tuesday
7/30/2014,3.439,Wednesday
7/31/2014,3.439,Thursday
8/1/2014,3.439,Friday
8/2/2014,3.439,Saturday
8/3/2014,3.439,Sunday
8/4/2014,3.393,Monday
8/5/2014,3.393,Tuesday
8/6/2014,3.393,Wednesday
8/7/2014,3.393,Thursday
8/8/2014,3.393,Friday
8/9/2014,3.393,Saturday
8/10/2014,3.393,Sunday
8/11/2014,3.353,Monday
8/12/2014,3.353,Tuesday
8/13/2014,3.353,Wednesday
8/14/2014,3.353,Thursday
8/15/2014,3.353,Friday
8/16/2014,3.353,Saturday
8/17/2014,3.353,Sunday
8/18/2014,3.324,Monday
8/19/2014,3.324,Tuesday
8/20/2014,3.324,Wednesday
8/21/2014,3.324,Thursday
8/22/2014,3.324,Friday
8/23/2014,3.324,Saturday
8/24/2014,3.324,Sunday
8/25/2014,3.287,Monday
8/26/2014,3.287,Tuesday
8/27/2014,3.287,Wednesday
8/28/2014,3.287,Thursday
8/29/2014,3.287,Friday
8/30/2014,3.287,Saturday
8/31/2014,3.287,Sunday
9/1/2014,3.263,Monday
9/2/2014,3.263,Tuesday
9/3/2014,3.263,Wednesday
9/4/2014,3.263,Thursday
9/5/2014,3.263,Friday
9/6/2014,3.263,Saturday
9/7/2014,3.263,Sunday
9/8/2014,3.25,Monday
9/9/2014,3.25,Tuesday
9/10/2014,3.25,Wednesday
9/11/2014,3.25,Thursday
9/12/2014,3.25,Friday
9/13/2014,3.25,Saturday
9/14/2014,3.25,Sunday
9/15/2014,3.204,Monday
9/16/2014,3.204,Tuesday
9/17/2014,3.204,Wednesday
9/18/2014,3.204,Thursday
9/19/2014,3.204,Friday
9/20/2014,3.204,Saturday
9/21/2014,3.204,Sunday
9/22/2014,3.183,Monday
9/23/2014,3.183,Tuesday
9/24/2014,3.183,Wednesday
9/25/2014,3.183,Thursday
9/26/2014,3.183,Friday
9/27/2014,3.183,Saturday
9/28/2014,3.183,Sunday
9/29/2014,3.195,Monday
9/30/2014,3.195,Tuesday
10/1/2014,3.195,Wednesday
10/2/2014,3.195,Thursday
10/3/2014,3.195,Friday
10/4/2014,3.195,Saturday
10/5/2014,3.195,Sunday
10/6/2014,3.145,Monday
10/7/2014,3.145,Tuesday
10/8/2014,3.145,Wednesday
10/9/2014,3.145,Thursday
10/10/2014,3.145,Friday
10/11/2014,3.145,Saturday
10/12/2014,3.145,Sunday
10/13/2014,3.059,Monday
10/14/2014,3.059,Tuesday
10/15/2014,3.059,Wednesday
10/16/2014,3.059,Thursday
10/17/2014,3.059,Friday
10/18/2014,3.059,Saturday
10/19/2014,3.059,Sunday
10/20/2014,2.971,Monday
10/21/2014,2.971,Tuesday
10/22/2014,2.971,Wednesday
10/23/2014,2.971,Thursday
10/24/2014,2.971,Friday
10/25/2014,2.971,Saturday
10/26/2014,2.971,Sunday
10/27/2014,2.884,Monday
10/28/2014,2.884,Tuesday
10/29/2014,2.884,Wednesday
10/30/2014,2.884,Thursday
10/31/2014,2.884,Friday
11/1/2014,2.884,Saturday
11/2/2014,2.884,Sunday
11/3/2014,2.816,Monday
11/4/2014,2.816,Tuesday
11/5/2014,2.816,Wednesday
11/6/2014,2.816,Thursday
11/7/2014,2.816,Friday
11/8/2014,2.816,Saturday
11/9/2014,2.816,Sunday
11/10/2014,2.801,Monday
11/11/2014,2.801,Tuesday
11/12/2014,2.801,Wednesday
11/13/2014,2.801,Thursday
11/14/2014,2.801,Friday
11/15/2014,2.801,Saturday
11/16/2014,2.801,Sunday
11/17/2014,2.754,Monday
11/18/2014,2.754,Tuesday
11/19/2014,2.754,Wednesday
11/20/2014,2.754,Thursday
11/21/2014,2.754,Friday
11/22/2014,2.754,Saturday
11/23/2014,2.754,Sunday
11/24/2014,2.708,Monday
11/25/2014,2.708,Tuesday
11/26/2014,2.708,Wednesday
11/27/2014,2.708,Thursday
11/28/2014,2.708,Friday
11/29/2014,2.708,Saturday
11/30/2014,2.708,Sunday
12/1/2014,2.68,Monday
12/2/2014,2.68,Tuesday
12/3/2014,2.68,Wednesday
12/4/2014,2.68,Thursday
12/5/2014,2.68,Friday
12/6/2014,2.68,Saturday
12/7/2014,2.68,Sunday
12/8/2014,2.597,Monday
12/9/2014,2.597,Tuesday
12/10/2014,2.597,Wednesday
12/11/2014,2.597,Thursday
12/12/2014,2.597,Friday
12/13/2014,2.597,Saturday
12/14/2014,2.597,Sunday
12/15/2014,2.493,Monday
12/16/2014,2.493,Tuesday
12/17/2014,2.493,Wednesday
12/18/2014,2.493,Thursday
12/19/2014,2.493,Friday
12/20/2014,2.493,Saturday
12/21/2014,2.493,Sunday
12/22/2014,2.375,Monday
12/23/2014,2.375,Tuesday
12/24/2014,2.375,Wednesday
12/25/2014,2.375,Thursday
12/26/2014,2.375,Friday
12/27/2014,2.375,Saturday
12/28/2014,2.375,Sunday
12/29/2014,2.281,Monday
12/30/2014,2.281,Tuesday
12/31/2014,2.281,Wednesday
